p wcnf 416 2888 10
// objective constraints
1 121 195 269 343 0
1 122 196 270 344 0
1 123 197 271 345 0
1 124 198 272 346 0
1 125 199 273 347 0
1 126 200 274 348 0
1 127 201 275 349 0
1 128 202 276 350 0
1 129 203 277 351 0

// type constraints

// intros

// graph #1
10 40 0 // type "intros . " in proof #1
10 -41 0 // not type "intros . "
10 -42 0 // etc.
10 -43 0
10 -44 0
10 -45 0
10 -46 0

// graph #2
10 47 0 // type "intros . " in proof #2
10 -48 0
10 -49 0
10 -50 0

// induction 

10 -54 0
10 55 0
10 -56 0
10 -57 0
10 -58 0
10 -59 0
10 -60 0

10 -61 0
10 -62 0
10 -63 0
10 -64 0

// destruct

10 -68 0
10 -69 0
10 -70 0
10 -71 0
10 -72 0
10 -73 0
10 -74 0

10 -75 0
10 76 0
10 -77 0
10 -78 0

// simpl

10 -82 0
10 -83 0
10 84 0
10 -85 0
10 86 0
10 -87 0
10 -88 0

10 -89 0
10 -90 0
10 -91 0
10 -92 0

// reflexivity

10 -96 0
10 -97 0
10 -98 0
10 99 0
10 -100 0
10 -101 0
10 102 0

10 -103 0
10 -104 0
10 105 0
10 106 0

// rewrite

10 -110 0
10 -111 0
10 -112 0
10 -113 0
10 -114 0
10 115 0
10 -116 0

10 -117 0
10 -118 0
10 -119 0
10 -120 0



// Edge constraints

// graph #1

// (1, 1)
10 -130 0
10 131 0 // 0.0 --> 1.0
10 -132 0
10 -133 0
10 -134 0
10 -135 0
10 -136 0

10 -137 0
10 -138 0
10 -139 0
10 -140 0
10 -141 0
10 -142 0
10 -143 0

10 -144 0
10 -145 0
10 -146 0
10 -147 0
10 -148 0
10 -149 0
10 -150 0

10 -151 0
10 -152 0
10 -153 0
10 -154 0
10 -155 0
10 -156 0
10 -157 0

10 -158 0
10 -159 0
10 -160 0
10 -161 0
10 -162 0
10 -163 0
10 -164 0

10 -165 0
10 -166 0
10 -167 0
10 -168 0
10 -169 0
10 -170 0
10 -171 0

10 -172 0
10 -173 0
10 -174 0
10 -175 0
10 -176 0
10 -177 0
10 -178 0

// Graph 2

10 -179 0
10 180 0
10 -181 0
10 -182 0

10 -183 0
10 -184 0
10 -185 0
10 -186 0

10 -187 0
10 -188 0
10 -189 0
10 -190 0

10 -191 0
10 -192 0
10 -193 0
10 -194 0

// etc.

10 -204 0
10 -205 0
10 -206 0
10 -207 0
10 -208 0
10 -209 0
10 -210 0
10 -211 0
10 -212 0
10 -213 0
10 -214 0
10 215 0
10 -216 0
10 -217 0
10 -218 0
10 -219 0
10 -220 0
10 -221 0
10 -222 0
10 -223 0
10 -224 0
10 -225 0
10 -226 0
10 -227 0
10 -228 0
10 -229 0
10 -230 0
10 -231 0
10 -232 0
10 -233 0
10 -234 0
10 -235 0
10 -236 0
10 -237 0
10 -238 0
10 -239 0
10 -240 0
10 -241 0
10 -242 0
10 -243 0
10 -244 0
10 -245 0
10 -246 0
10 -247 0
10 -248 0
10 -249 0
10 -250 0
10 -251 0
10 -252 0
10 -253 0
10 -254 0
10 -255 0
10 -256 0
10 -257 0
10 -258 0
10 -259 0
10 260 0
10 -261 0
10 -262 0
10 -263 0
10 -264 0
10 -265 0
10 -266 0
10 -267 0
10 -268 0

10 -278 0
10 279 0
10 -280 0
10 -281 0
10 -282 0
10 -283 0
10 -284 0
10 -285 0
10 -286 0
10 287 0
10 -288 0
10 -289 0
10 -290 0
10 -291 0
10 -292 0
10 -293 0
10 -294 0
10 295 0
10 -296 0
10 -297 0
10 -298 0
10 -299 0
10 -300 0
10 -301 0
10 -302 0
10 -303 0
10 -304 0
10 -305 0
10 -306 0
10 -307 0
10 -308 0
10 -309 0
10 -310 0
10 311 0
10 -312 0
10 -313 0
10 -314 0
10 -315 0
10 -316 0
10 -317 0
10 -318 0
10 319 0
10 -320 0
10 -321 0
10 -322 0
10 -323 0
10 -324 0
10 -325 0
10 -326 0
10 -327 0
10 328 0
10 -329 0
10 -330 0
10 -331 0
10 -332 0
10 333 0
10 -334 0
10 -335 0
10 -336 0
10 -337 0
10 -338 0
10 -339 0
10 -340 0
10 -341 0
10 -342 0

10 -352 0
10 -353 0
10 -354 0
10 -355 0
10 -356 0
10 -357 0
10 -358 0
10 -359 0
10 -360 0
10 -361 0
10 -362 0
10 -363 0
10 364 0
10 -365 0
10 -366 0
10 -367 0
10 -368 0
10 -369 0
10 -370 0
10 -371 0
10 -372 0
10 -373 0
10 -374 0
10 -375 0
10 -376 0
10 -377 0
10 -378 0
10 -379 0
10 -380 0
10 -381 0
10 -382 0
10 -383 0
10 -384 0
10 -385 0
10 -386 0
10 -387 0
10 -388 0
10 -389 0
10 -390 0
10 -391 0
10 -392 0
10 -393 0
10 -394 0
10 -395 0
10 -396 0
10 -397 0
10 -398 0
10 -399 0
10 -400 0
10 -401 0
10 -402 0
10 -403 0
10 -404 0
10 -405 0
10 -406 0
10 -407 0
10 -408 0
10 -409 0
10 -410 0
10 -411 0
10 -412 0
10 -413 0
10 -414 0
10 -415 0
10 -416 0

// DOMAIN constraint
// either vertex 1 is in the MCS, or no nodes map to it
10 -4 1 0
10 -5 1 0
10 -6 1 0
10 -7 1 0
10 -8 1 0
10 -9 1 0
10 -10 1 0
10 -11 1 0
10 -12 1 0
10 -13 1 0
10 -14 1 0
// etc.
10 -15 2 0
10 -16 2 0
10 -17 2 0
10 -18 2 0
10 -19 2 0
10 -20 2 0
10 -21 2 0
10 -22 2 0
10 -23 2 0
10 -24 2 0
10 -25 2 0
10 -26 3 0
10 -27 3 0
10 -28 3 0
10 -29 3 0
10 -30 3 0
10 -31 3 0
10 -32 3 0
10 -33 3 0
10 -34 3 0
10 -35 3 0
10 -36 3 0

// other direction: either vertex 1 is NOT in the mcs, or some node in the graph maps to it
10 4 5 6 7 8 9 10 -1 0 // graph 1
10 11 12 13 14 -1 0 // graph 2
10 15 16 17 18 19 20 21 -2 0
10 22 23 24 25 -2 0
10 26 27 28 29 30 31 32 -3 0
10 33 34 35 36 -3 0

// ONTO constraint
// two nodes cannot map to the same node in MCS
10 -4 -5 0 // these 2 nodes cannot both map to node #1
10 -4 -6 0
10 -4 -7 0
10 -4 -8 0
10 -4 -9 0
10 -4 -10 0
// etc.
10 -5 -6 0
10 -5 -7 0
10 -5 -8 0
10 -5 -9 0
10 -5 -10 0
10 -6 -7 0
10 -6 -8 0
10 -6 -9 0
10 -6 -10 0
10 -7 -8 0
10 -7 -9 0
10 -7 -10 0
10 -8 -9 0
10 -8 -10 0
10 -9 -10 0

// Graph #2
10 -11 -12 0
10 -11 -13 0
10 -11 -14 0
10 -12 -13 0
10 -12 -14 0
10 -13 -14 0

10 -15 -16 0
10 -15 -17 0
10 -15 -18 0
10 -15 -19 0
10 -15 -20 0
10 -15 -21 0
10 -16 -17 0
10 -16 -18 0
10 -16 -19 0
10 -16 -20 0
10 -16 -21 0
10 -17 -18 0
10 -17 -19 0
10 -17 -20 0
10 -17 -21 0
10 -18 -19 0
10 -18 -20 0
10 -18 -21 0
10 -19 -20 0
10 -19 -21 0
10 -20 -21 0
10 -22 -23 0
10 -22 -24 0
10 -22 -25 0
10 -23 -24 0
10 -23 -25 0
10 -24 -25 0

10 -26 -27 0
10 -26 -28 0
10 -26 -29 0
10 -26 -30 0
10 -26 -31 0
10 -26 -32 0
10 -27 -28 0
10 -27 -29 0
10 -27 -30 0
10 -27 -31 0
10 -27 -32 0
10 -28 -29 0
10 -28 -30 0
10 -28 -31 0
10 -28 -32 0
10 -29 -30 0
10 -29 -31 0
10 -29 -32 0
10 -30 -31 0
10 -30 -32 0
10 -31 -32 0
10 -33 -34 0
10 -33 -35 0
10 -33 -36 0
10 -34 -35 0
10 -34 -36 0
10 -35 -36 0

// ONE-TO-ONE constraint
// two nodes in MCS cannot map to same node in orig graphs
10 -4 -15 0
10 -4 -26 0
10 -15 -26 0
10 -5 -16 0
10 -5 -27 0
10 -16 -27 0
10 -6 -17 0
10 -6 -28 0
10 -17 -28 0
10 -7 -18 0
10 -7 -29 0
10 -18 -29 0
10 -8 -19 0
10 -8 -30 0
10 -19 -30 0
10 -9 -20 0
10 -9 -31 0
10 -20 -31 0
10 -10 -21 0
10 -10 -32 0
10 -21 -32 0
10 -11 -22 0
10 -11 -33 0
10 -22 -33 0
10 -12 -23 0
10 -12 -34 0
10 -23 -34 0
10 -13 -24 0
10 -13 -35 0
10 -24 -35 0
10 -14 -25 0
10 -14 -36 0
10 -25 -36 0

// TYPE PRESERVE constraint
// either two nodes do not map to each other, or their types are the same
10 -4 -37 40 0
10 -4 37 -40 0
10 -5 -37 41 0
10 -5 37 -41 0
10 -6 -37 42 0
10 -6 37 -42 0
10 -7 -37 43 0
10 -7 37 -43 0
10 -8 -37 44 0
10 -8 37 -44 0
10 -9 -37 45 0
10 -9 37 -45 0
10 -10 -37 46 0
10 -10 37 -46 0
10 -11 -37 47 0
10 -11 37 -47 0
10 -12 -37 48 0
10 -12 37 -48 0
10 -13 -37 49 0
10 -13 37 -49 0
10 -14 -37 50 0
10 -14 37 -50 0
10 -4 -51 54 0
10 -4 51 -54 0
10 -5 -51 55 0
10 -5 51 -55 0
10 -6 -51 56 0
10 -6 51 -56 0
10 -7 -51 57 0
10 -7 51 -57 0
10 -8 -51 58 0
10 -8 51 -58 0
10 -9 -51 59 0
10 -9 51 -59 0
10 -10 -51 60 0
10 -10 51 -60 0
10 -11 -51 61 0
10 -11 51 -61 0
10 -12 -51 62 0
10 -12 51 -62 0
10 -13 -51 63 0
10 -13 51 -63 0
10 -14 -51 64 0
10 -14 51 -64 0
10 -4 -65 68 0
10 -4 65 -68 0
10 -5 -65 69 0
10 -5 65 -69 0
10 -6 -65 70 0
10 -6 65 -70 0
10 -7 -65 71 0
10 -7 65 -71 0
10 -8 -65 72 0
10 -8 65 -72 0
10 -9 -65 73 0
10 -9 65 -73 0
10 -10 -65 74 0
10 -10 65 -74 0
10 -11 -65 75 0
10 -11 65 -75 0
10 -12 -65 76 0
10 -12 65 -76 0
10 -13 -65 77 0
10 -13 65 -77 0
10 -14 -65 78 0
10 -14 65 -78 0
10 -4 -79 82 0
10 -4 79 -82 0
10 -5 -79 83 0
10 -5 79 -83 0
10 -6 -79 84 0
10 -6 79 -84 0
10 -7 -79 85 0
10 -7 79 -85 0
10 -8 -79 86 0
10 -8 79 -86 0
10 -9 -79 87 0
10 -9 79 -87 0
10 -10 -79 88 0
10 -10 79 -88 0
10 -11 -79 89 0
10 -11 79 -89 0
10 -12 -79 90 0
10 -12 79 -90 0
10 -13 -79 91 0
10 -13 79 -91 0
10 -14 -79 92 0
10 -14 79 -92 0
10 -4 -93 96 0
10 -4 93 -96 0
10 -5 -93 97 0
10 -5 93 -97 0
10 -6 -93 98 0
10 -6 93 -98 0
10 -7 -93 99 0
10 -7 93 -99 0
10 -8 -93 100 0
10 -8 93 -100 0
10 -9 -93 101 0
10 -9 93 -101 0
10 -10 -93 102 0
10 -10 93 -102 0
10 -11 -93 103 0
10 -11 93 -103 0
10 -12 -93 104 0
10 -12 93 -104 0
10 -13 -93 105 0
10 -13 93 -105 0
10 -14 -93 106 0
10 -14 93 -106 0
10 -4 -107 110 0
10 -4 107 -110 0
10 -5 -107 111 0
10 -5 107 -111 0
10 -6 -107 112 0
10 -6 107 -112 0
10 -7 -107 113 0
10 -7 107 -113 0
10 -8 -107 114 0
10 -8 107 -114 0
10 -9 -107 115 0
10 -9 107 -115 0
10 -10 -107 116 0
10 -10 107 -116 0
10 -11 -107 117 0
10 -11 107 -117 0
10 -12 -107 118 0
10 -12 107 -118 0
10 -13 -107 119 0
10 -13 107 -119 0
10 -14 -107 120 0
10 -14 107 -120 0
10 -15 -38 40 0
10 -15 38 -40 0
10 -16 -38 41 0
10 -16 38 -41 0
10 -17 -38 42 0
10 -17 38 -42 0
10 -18 -38 43 0
10 -18 38 -43 0
10 -19 -38 44 0
10 -19 38 -44 0
10 -20 -38 45 0
10 -20 38 -45 0
10 -21 -38 46 0
10 -21 38 -46 0
10 -22 -38 47 0
10 -22 38 -47 0
10 -23 -38 48 0
10 -23 38 -48 0
10 -24 -38 49 0
10 -24 38 -49 0
10 -25 -38 50 0
10 -25 38 -50 0
10 -15 -52 54 0
10 -15 52 -54 0
10 -16 -52 55 0
10 -16 52 -55 0
10 -17 -52 56 0
10 -17 52 -56 0
10 -18 -52 57 0
10 -18 52 -57 0
10 -19 -52 58 0
10 -19 52 -58 0
10 -20 -52 59 0
10 -20 52 -59 0
10 -21 -52 60 0
10 -21 52 -60 0
10 -22 -52 61 0
10 -22 52 -61 0
10 -23 -52 62 0
10 -23 52 -62 0
10 -24 -52 63 0
10 -24 52 -63 0
10 -25 -52 64 0
10 -25 52 -64 0
10 -15 -66 68 0
10 -15 66 -68 0
10 -16 -66 69 0
10 -16 66 -69 0
10 -17 -66 70 0
10 -17 66 -70 0
10 -18 -66 71 0
10 -18 66 -71 0
10 -19 -66 72 0
10 -19 66 -72 0
10 -20 -66 73 0
10 -20 66 -73 0
10 -21 -66 74 0
10 -21 66 -74 0
10 -22 -66 75 0
10 -22 66 -75 0
10 -23 -66 76 0
10 -23 66 -76 0
10 -24 -66 77 0
10 -24 66 -77 0
10 -25 -66 78 0
10 -25 66 -78 0
10 -15 -80 82 0
10 -15 80 -82 0
10 -16 -80 83 0
10 -16 80 -83 0
10 -17 -80 84 0
10 -17 80 -84 0
10 -18 -80 85 0
10 -18 80 -85 0
10 -19 -80 86 0
10 -19 80 -86 0
10 -20 -80 87 0
10 -20 80 -87 0
10 -21 -80 88 0
10 -21 80 -88 0
10 -22 -80 89 0
10 -22 80 -89 0
10 -23 -80 90 0
10 -23 80 -90 0
10 -24 -80 91 0
10 -24 80 -91 0
10 -25 -80 92 0
10 -25 80 -92 0
10 -15 -94 96 0
10 -15 94 -96 0
10 -16 -94 97 0
10 -16 94 -97 0
10 -17 -94 98 0
10 -17 94 -98 0
10 -18 -94 99 0
10 -18 94 -99 0
10 -19 -94 100 0
10 -19 94 -100 0
10 -20 -94 101 0
10 -20 94 -101 0
10 -21 -94 102 0
10 -21 94 -102 0
10 -22 -94 103 0
10 -22 94 -103 0
10 -23 -94 104 0
10 -23 94 -104 0
10 -24 -94 105 0
10 -24 94 -105 0
10 -25 -94 106 0
10 -25 94 -106 0
10 -15 -108 110 0
10 -15 108 -110 0
10 -16 -108 111 0
10 -16 108 -111 0
10 -17 -108 112 0
10 -17 108 -112 0
10 -18 -108 113 0
10 -18 108 -113 0
10 -19 -108 114 0
10 -19 108 -114 0
10 -20 -108 115 0
10 -20 108 -115 0
10 -21 -108 116 0
10 -21 108 -116 0
10 -22 -108 117 0
10 -22 108 -117 0
10 -23 -108 118 0
10 -23 108 -118 0
10 -24 -108 119 0
10 -24 108 -119 0
10 -25 -108 120 0
10 -25 108 -120 0
10 -26 -39 40 0
10 -26 39 -40 0
10 -27 -39 41 0
10 -27 39 -41 0
10 -28 -39 42 0
10 -28 39 -42 0
10 -29 -39 43 0
10 -29 39 -43 0
10 -30 -39 44 0
10 -30 39 -44 0
10 -31 -39 45 0
10 -31 39 -45 0
10 -32 -39 46 0
10 -32 39 -46 0
10 -33 -39 47 0
10 -33 39 -47 0
10 -34 -39 48 0
10 -34 39 -48 0
10 -35 -39 49 0
10 -35 39 -49 0
10 -36 -39 50 0
10 -36 39 -50 0
10 -26 -53 54 0
10 -26 53 -54 0
10 -27 -53 55 0
10 -27 53 -55 0
10 -28 -53 56 0
10 -28 53 -56 0
10 -29 -53 57 0
10 -29 53 -57 0
10 -30 -53 58 0
10 -30 53 -58 0
10 -31 -53 59 0
10 -31 53 -59 0
10 -32 -53 60 0
10 -32 53 -60 0
10 -33 -53 61 0
10 -33 53 -61 0
10 -34 -53 62 0
10 -34 53 -62 0
10 -35 -53 63 0
10 -35 53 -63 0
10 -36 -53 64 0
10 -36 53 -64 0
10 -26 -67 68 0
10 -26 67 -68 0
10 -27 -67 69 0
10 -27 67 -69 0
10 -28 -67 70 0
10 -28 67 -70 0
10 -29 -67 71 0
10 -29 67 -71 0
10 -30 -67 72 0
10 -30 67 -72 0
10 -31 -67 73 0
10 -31 67 -73 0
10 -32 -67 74 0
10 -32 67 -74 0
10 -33 -67 75 0
10 -33 67 -75 0
10 -34 -67 76 0
10 -34 67 -76 0
10 -35 -67 77 0
10 -35 67 -77 0
10 -36 -67 78 0
10 -36 67 -78 0
10 -26 -81 82 0
10 -26 81 -82 0
10 -27 -81 83 0
10 -27 81 -83 0
10 -28 -81 84 0
10 -28 81 -84 0
10 -29 -81 85 0
10 -29 81 -85 0
10 -30 -81 86 0
10 -30 81 -86 0
10 -31 -81 87 0
10 -31 81 -87 0
10 -32 -81 88 0
10 -32 81 -88 0
10 -33 -81 89 0
10 -33 81 -89 0
10 -34 -81 90 0
10 -34 81 -90 0
10 -35 -81 91 0
10 -35 81 -91 0
10 -36 -81 92 0
10 -36 81 -92 0
10 -26 -95 96 0
10 -26 95 -96 0
10 -27 -95 97 0
10 -27 95 -97 0
10 -28 -95 98 0
10 -28 95 -98 0
10 -29 -95 99 0
10 -29 95 -99 0
10 -30 -95 100 0
10 -30 95 -100 0
10 -31 -95 101 0
10 -31 95 -101 0
10 -32 -95 102 0
10 -32 95 -102 0
10 -33 -95 103 0
10 -33 95 -103 0
10 -34 -95 104 0
10 -34 95 -104 0
10 -35 -95 105 0
10 -35 95 -105 0
10 -36 -95 106 0
10 -36 95 -106 0
10 -26 -109 110 0
10 -26 109 -110 0
10 -27 -109 111 0
10 -27 109 -111 0
10 -28 -109 112 0
10 -28 109 -112 0
10 -29 -109 113 0
10 -29 109 -113 0
10 -30 -109 114 0
10 -30 109 -114 0
10 -31 -109 115 0
10 -31 109 -115 0
10 -32 -109 116 0
10 -32 109 -116 0
10 -33 -109 117 0
10 -33 109 -117 0
10 -34 -109 118 0
10 -34 109 -118 0
10 -35 -109 119 0
10 -35 109 -119 0
10 -36 -109 120 0
10 -36 109 -120 0

// EDGE PRESERVATION Constraint
// if two connected nodes are in the MCS, they should also be connected in the original graph
10 -4 -4 -121 130 0
10 -4 -5 -121 131 0
10 -4 -6 -121 132 0
10 -4 -7 -121 133 0
10 -4 -8 -121 134 0
10 -4 -9 -121 135 0
10 -4 -10 -121 136 0
10 -5 -4 -121 137 0
10 -5 -5 -121 138 0
10 -5 -6 -121 139 0
10 -5 -7 -121 140 0
10 -5 -8 -121 141 0
10 -5 -9 -121 142 0
10 -5 -10 -121 143 0
10 -6 -4 -121 144 0
10 -6 -5 -121 145 0
10 -6 -6 -121 146 0
10 -6 -7 -121 147 0
10 -6 -8 -121 148 0
10 -6 -9 -121 149 0
10 -6 -10 -121 150 0
10 -7 -4 -121 151 0
10 -7 -5 -121 152 0
10 -7 -6 -121 153 0
10 -7 -7 -121 154 0
10 -7 -8 -121 155 0
10 -7 -9 -121 156 0
10 -7 -10 -121 157 0
10 -8 -4 -121 158 0
10 -8 -5 -121 159 0
10 -8 -6 -121 160 0
10 -8 -7 -121 161 0
10 -8 -8 -121 162 0
10 -8 -9 -121 163 0
10 -8 -10 -121 164 0
10 -9 -4 -121 165 0
10 -9 -5 -121 166 0
10 -9 -6 -121 167 0
10 -9 -7 -121 168 0
10 -9 -8 -121 169 0
10 -9 -9 -121 170 0
10 -9 -10 -121 171 0
10 -10 -4 -121 172 0
10 -10 -5 -121 173 0
10 -10 -6 -121 174 0
10 -10 -7 -121 175 0
10 -10 -8 -121 176 0
10 -10 -9 -121 177 0
10 -10 -10 -121 178 0
10 -4 -15 -122 130 0
10 -4 -16 -122 131 0
10 -4 -17 -122 132 0
10 -4 -18 -122 133 0
10 -4 -19 -122 134 0
10 -4 -20 -122 135 0
10 -4 -21 -122 136 0
10 -5 -15 -122 137 0
10 -5 -16 -122 138 0
10 -5 -17 -122 139 0
10 -5 -18 -122 140 0
10 -5 -19 -122 141 0
10 -5 -20 -122 142 0
10 -5 -21 -122 143 0
10 -6 -15 -122 144 0
10 -6 -16 -122 145 0
10 -6 -17 -122 146 0
10 -6 -18 -122 147 0
10 -6 -19 -122 148 0
10 -6 -20 -122 149 0
10 -6 -21 -122 150 0
10 -7 -15 -122 151 0
10 -7 -16 -122 152 0
10 -7 -17 -122 153 0
10 -7 -18 -122 154 0
10 -7 -19 -122 155 0
10 -7 -20 -122 156 0
10 -7 -21 -122 157 0
10 -8 -15 -122 158 0
10 -8 -16 -122 159 0
10 -8 -17 -122 160 0
10 -8 -18 -122 161 0
10 -8 -19 -122 162 0
10 -8 -20 -122 163 0
10 -8 -21 -122 164 0
10 -9 -15 -122 165 0
10 -9 -16 -122 166 0
10 -9 -17 -122 167 0
10 -9 -18 -122 168 0
10 -9 -19 -122 169 0
10 -9 -20 -122 170 0
10 -9 -21 -122 171 0
10 -10 -15 -122 172 0
10 -10 -16 -122 173 0
10 -10 -17 -122 174 0
10 -10 -18 -122 175 0
10 -10 -19 -122 176 0
10 -10 -20 -122 177 0
10 -10 -21 -122 178 0
10 -4 -26 -123 130 0
10 -4 -27 -123 131 0
10 -4 -28 -123 132 0
10 -4 -29 -123 133 0
10 -4 -30 -123 134 0
10 -4 -31 -123 135 0
10 -4 -32 -123 136 0
10 -5 -26 -123 137 0
10 -5 -27 -123 138 0
10 -5 -28 -123 139 0
10 -5 -29 -123 140 0
10 -5 -30 -123 141 0
10 -5 -31 -123 142 0
10 -5 -32 -123 143 0
10 -6 -26 -123 144 0
10 -6 -27 -123 145 0
10 -6 -28 -123 146 0
10 -6 -29 -123 147 0
10 -6 -30 -123 148 0
10 -6 -31 -123 149 0
10 -6 -32 -123 150 0
10 -7 -26 -123 151 0
10 -7 -27 -123 152 0
10 -7 -28 -123 153 0
10 -7 -29 -123 154 0
10 -7 -30 -123 155 0
10 -7 -31 -123 156 0
10 -7 -32 -123 157 0
10 -8 -26 -123 158 0
10 -8 -27 -123 159 0
10 -8 -28 -123 160 0
10 -8 -29 -123 161 0
10 -8 -30 -123 162 0
10 -8 -31 -123 163 0
10 -8 -32 -123 164 0
10 -9 -26 -123 165 0
10 -9 -27 -123 166 0
10 -9 -28 -123 167 0
10 -9 -29 -123 168 0
10 -9 -30 -123 169 0
10 -9 -31 -123 170 0
10 -9 -32 -123 171 0
10 -10 -26 -123 172 0
10 -10 -27 -123 173 0
10 -10 -28 -123 174 0
10 -10 -29 -123 175 0
10 -10 -30 -123 176 0
10 -10 -31 -123 177 0
10 -10 -32 -123 178 0
10 -15 -4 -124 130 0
10 -15 -5 -124 131 0
10 -15 -6 -124 132 0
10 -15 -7 -124 133 0
10 -15 -8 -124 134 0
10 -15 -9 -124 135 0
10 -15 -10 -124 136 0
10 -16 -4 -124 137 0
10 -16 -5 -124 138 0
10 -16 -6 -124 139 0
10 -16 -7 -124 140 0
10 -16 -8 -124 141 0
10 -16 -9 -124 142 0
10 -16 -10 -124 143 0
10 -17 -4 -124 144 0
10 -17 -5 -124 145 0
10 -17 -6 -124 146 0
10 -17 -7 -124 147 0
10 -17 -8 -124 148 0
10 -17 -9 -124 149 0
10 -17 -10 -124 150 0
10 -18 -4 -124 151 0
10 -18 -5 -124 152 0
10 -18 -6 -124 153 0
10 -18 -7 -124 154 0
10 -18 -8 -124 155 0
10 -18 -9 -124 156 0
10 -18 -10 -124 157 0
10 -19 -4 -124 158 0
10 -19 -5 -124 159 0
10 -19 -6 -124 160 0
10 -19 -7 -124 161 0
10 -19 -8 -124 162 0
10 -19 -9 -124 163 0
10 -19 -10 -124 164 0
10 -20 -4 -124 165 0
10 -20 -5 -124 166 0
10 -20 -6 -124 167 0
10 -20 -7 -124 168 0
10 -20 -8 -124 169 0
10 -20 -9 -124 170 0
10 -20 -10 -124 171 0
10 -21 -4 -124 172 0
10 -21 -5 -124 173 0
10 -21 -6 -124 174 0
10 -21 -7 -124 175 0
10 -21 -8 -124 176 0
10 -21 -9 -124 177 0
10 -21 -10 -124 178 0
10 -15 -15 -125 130 0
10 -15 -16 -125 131 0
10 -15 -17 -125 132 0
10 -15 -18 -125 133 0
10 -15 -19 -125 134 0
10 -15 -20 -125 135 0
10 -15 -21 -125 136 0
10 -16 -15 -125 137 0
10 -16 -16 -125 138 0
10 -16 -17 -125 139 0
10 -16 -18 -125 140 0
10 -16 -19 -125 141 0
10 -16 -20 -125 142 0
10 -16 -21 -125 143 0
10 -17 -15 -125 144 0
10 -17 -16 -125 145 0
10 -17 -17 -125 146 0
10 -17 -18 -125 147 0
10 -17 -19 -125 148 0
10 -17 -20 -125 149 0
10 -17 -21 -125 150 0
10 -18 -15 -125 151 0
10 -18 -16 -125 152 0
10 -18 -17 -125 153 0
10 -18 -18 -125 154 0
10 -18 -19 -125 155 0
10 -18 -20 -125 156 0
10 -18 -21 -125 157 0
10 -19 -15 -125 158 0
10 -19 -16 -125 159 0
10 -19 -17 -125 160 0
10 -19 -18 -125 161 0
10 -19 -19 -125 162 0
10 -19 -20 -125 163 0
10 -19 -21 -125 164 0
10 -20 -15 -125 165 0
10 -20 -16 -125 166 0
10 -20 -17 -125 167 0
10 -20 -18 -125 168 0
10 -20 -19 -125 169 0
10 -20 -20 -125 170 0
10 -20 -21 -125 171 0
10 -21 -15 -125 172 0
10 -21 -16 -125 173 0
10 -21 -17 -125 174 0
10 -21 -18 -125 175 0
10 -21 -19 -125 176 0
10 -21 -20 -125 177 0
10 -21 -21 -125 178 0
10 -15 -26 -126 130 0
10 -15 -27 -126 131 0
10 -15 -28 -126 132 0
10 -15 -29 -126 133 0
10 -15 -30 -126 134 0
10 -15 -31 -126 135 0
10 -15 -32 -126 136 0
10 -16 -26 -126 137 0
10 -16 -27 -126 138 0
10 -16 -28 -126 139 0
10 -16 -29 -126 140 0
10 -16 -30 -126 141 0
10 -16 -31 -126 142 0
10 -16 -32 -126 143 0
10 -17 -26 -126 144 0
10 -17 -27 -126 145 0
10 -17 -28 -126 146 0
10 -17 -29 -126 147 0
10 -17 -30 -126 148 0
10 -17 -31 -126 149 0
10 -17 -32 -126 150 0
10 -18 -26 -126 151 0
10 -18 -27 -126 152 0
10 -18 -28 -126 153 0
10 -18 -29 -126 154 0
10 -18 -30 -126 155 0
10 -18 -31 -126 156 0
10 -18 -32 -126 157 0
10 -19 -26 -126 158 0
10 -19 -27 -126 159 0
10 -19 -28 -126 160 0
10 -19 -29 -126 161 0
10 -19 -30 -126 162 0
10 -19 -31 -126 163 0
10 -19 -32 -126 164 0
10 -20 -26 -126 165 0
10 -20 -27 -126 166 0
10 -20 -28 -126 167 0
10 -20 -29 -126 168 0
10 -20 -30 -126 169 0
10 -20 -31 -126 170 0
10 -20 -32 -126 171 0
10 -21 -26 -126 172 0
10 -21 -27 -126 173 0
10 -21 -28 -126 174 0
10 -21 -29 -126 175 0
10 -21 -30 -126 176 0
10 -21 -31 -126 177 0
10 -21 -32 -126 178 0
10 -26 -4 -127 130 0
10 -26 -5 -127 131 0
10 -26 -6 -127 132 0
10 -26 -7 -127 133 0
10 -26 -8 -127 134 0
10 -26 -9 -127 135 0
10 -26 -10 -127 136 0
10 -27 -4 -127 137 0
10 -27 -5 -127 138 0
10 -27 -6 -127 139 0
10 -27 -7 -127 140 0
10 -27 -8 -127 141 0
10 -27 -9 -127 142 0
10 -27 -10 -127 143 0
10 -28 -4 -127 144 0
10 -28 -5 -127 145 0
10 -28 -6 -127 146 0
10 -28 -7 -127 147 0
10 -28 -8 -127 148 0
10 -28 -9 -127 149 0
10 -28 -10 -127 150 0
10 -29 -4 -127 151 0
10 -29 -5 -127 152 0
10 -29 -6 -127 153 0
10 -29 -7 -127 154 0
10 -29 -8 -127 155 0
10 -29 -9 -127 156 0
10 -29 -10 -127 157 0
10 -30 -4 -127 158 0
10 -30 -5 -127 159 0
10 -30 -6 -127 160 0
10 -30 -7 -127 161 0
10 -30 -8 -127 162 0
10 -30 -9 -127 163 0
10 -30 -10 -127 164 0
10 -31 -4 -127 165 0
10 -31 -5 -127 166 0
10 -31 -6 -127 167 0
10 -31 -7 -127 168 0
10 -31 -8 -127 169 0
10 -31 -9 -127 170 0
10 -31 -10 -127 171 0
10 -32 -4 -127 172 0
10 -32 -5 -127 173 0
10 -32 -6 -127 174 0
10 -32 -7 -127 175 0
10 -32 -8 -127 176 0
10 -32 -9 -127 177 0
10 -32 -10 -127 178 0
10 -26 -15 -128 130 0
10 -26 -16 -128 131 0
10 -26 -17 -128 132 0
10 -26 -18 -128 133 0
10 -26 -19 -128 134 0
10 -26 -20 -128 135 0
10 -26 -21 -128 136 0
10 -27 -15 -128 137 0
10 -27 -16 -128 138 0
10 -27 -17 -128 139 0
10 -27 -18 -128 140 0
10 -27 -19 -128 141 0
10 -27 -20 -128 142 0
10 -27 -21 -128 143 0
10 -28 -15 -128 144 0
10 -28 -16 -128 145 0
10 -28 -17 -128 146 0
10 -28 -18 -128 147 0
10 -28 -19 -128 148 0
10 -28 -20 -128 149 0
10 -28 -21 -128 150 0
10 -29 -15 -128 151 0
10 -29 -16 -128 152 0
10 -29 -17 -128 153 0
10 -29 -18 -128 154 0
10 -29 -19 -128 155 0
10 -29 -20 -128 156 0
10 -29 -21 -128 157 0
10 -30 -15 -128 158 0
10 -30 -16 -128 159 0
10 -30 -17 -128 160 0
10 -30 -18 -128 161 0
10 -30 -19 -128 162 0
10 -30 -20 -128 163 0
10 -30 -21 -128 164 0
10 -31 -15 -128 165 0
10 -31 -16 -128 166 0
10 -31 -17 -128 167 0
10 -31 -18 -128 168 0
10 -31 -19 -128 169 0
10 -31 -20 -128 170 0
10 -31 -21 -128 171 0
10 -32 -15 -128 172 0
10 -32 -16 -128 173 0
10 -32 -17 -128 174 0
10 -32 -18 -128 175 0
10 -32 -19 -128 176 0
10 -32 -20 -128 177 0
10 -32 -21 -128 178 0
10 -26 -26 -129 130 0
10 -26 -27 -129 131 0
10 -26 -28 -129 132 0
10 -26 -29 -129 133 0
10 -26 -30 -129 134 0
10 -26 -31 -129 135 0
10 -26 -32 -129 136 0
10 -27 -26 -129 137 0
10 -27 -27 -129 138 0
10 -27 -28 -129 139 0
10 -27 -29 -129 140 0
10 -27 -30 -129 141 0
10 -27 -31 -129 142 0
10 -27 -32 -129 143 0
10 -28 -26 -129 144 0
10 -28 -27 -129 145 0
10 -28 -28 -129 146 0
10 -28 -29 -129 147 0
10 -28 -30 -129 148 0
10 -28 -31 -129 149 0
10 -28 -32 -129 150 0
10 -29 -26 -129 151 0
10 -29 -27 -129 152 0
10 -29 -28 -129 153 0
10 -29 -29 -129 154 0
10 -29 -30 -129 155 0
10 -29 -31 -129 156 0
10 -29 -32 -129 157 0
10 -30 -26 -129 158 0
10 -30 -27 -129 159 0
10 -30 -28 -129 160 0
10 -30 -29 -129 161 0
10 -30 -30 -129 162 0
10 -30 -31 -129 163 0
10 -30 -32 -129 164 0
10 -31 -26 -129 165 0
10 -31 -27 -129 166 0
10 -31 -28 -129 167 0
10 -31 -29 -129 168 0
10 -31 -30 -129 169 0
10 -31 -31 -129 170 0
10 -31 -32 -129 171 0
10 -32 -26 -129 172 0
10 -32 -27 -129 173 0
10 -32 -28 -129 174 0
10 -32 -29 -129 175 0
10 -32 -30 -129 176 0
10 -32 -31 -129 177 0
10 -32 -32 -129 178 0
10 -11 -11 -121 179 0
10 -11 -12 -121 180 0
10 -11 -13 -121 181 0
10 -11 -14 -121 182 0
10 -12 -11 -121 183 0
10 -12 -12 -121 184 0
10 -12 -13 -121 185 0
10 -12 -14 -121 186 0
10 -13 -11 -121 187 0
10 -13 -12 -121 188 0
10 -13 -13 -121 189 0
10 -13 -14 -121 190 0
10 -14 -11 -121 191 0
10 -14 -12 -121 192 0
10 -14 -13 -121 193 0
10 -14 -14 -121 194 0
10 -11 -22 -122 179 0
10 -11 -23 -122 180 0
10 -11 -24 -122 181 0
10 -11 -25 -122 182 0
10 -12 -22 -122 183 0
10 -12 -23 -122 184 0
10 -12 -24 -122 185 0
10 -12 -25 -122 186 0
10 -13 -22 -122 187 0
10 -13 -23 -122 188 0
10 -13 -24 -122 189 0
10 -13 -25 -122 190 0
10 -14 -22 -122 191 0
10 -14 -23 -122 192 0
10 -14 -24 -122 193 0
10 -14 -25 -122 194 0
10 -11 -33 -123 179 0
10 -11 -34 -123 180 0
10 -11 -35 -123 181 0
10 -11 -36 -123 182 0
10 -12 -33 -123 183 0
10 -12 -34 -123 184 0
10 -12 -35 -123 185 0
10 -12 -36 -123 186 0
10 -13 -33 -123 187 0
10 -13 -34 -123 188 0
10 -13 -35 -123 189 0
10 -13 -36 -123 190 0
10 -14 -33 -123 191 0
10 -14 -34 -123 192 0
10 -14 -35 -123 193 0
10 -14 -36 -123 194 0
10 -22 -11 -124 179 0
10 -22 -12 -124 180 0
10 -22 -13 -124 181 0
10 -22 -14 -124 182 0
10 -23 -11 -124 183 0
10 -23 -12 -124 184 0
10 -23 -13 -124 185 0
10 -23 -14 -124 186 0
10 -24 -11 -124 187 0
10 -24 -12 -124 188 0
10 -24 -13 -124 189 0
10 -24 -14 -124 190 0
10 -25 -11 -124 191 0
10 -25 -12 -124 192 0
10 -25 -13 -124 193 0
10 -25 -14 -124 194 0
10 -22 -22 -125 179 0
10 -22 -23 -125 180 0
10 -22 -24 -125 181 0
10 -22 -25 -125 182 0
10 -23 -22 -125 183 0
10 -23 -23 -125 184 0
10 -23 -24 -125 185 0
10 -23 -25 -125 186 0
10 -24 -22 -125 187 0
10 -24 -23 -125 188 0
10 -24 -24 -125 189 0
10 -24 -25 -125 190 0
10 -25 -22 -125 191 0
10 -25 -23 -125 192 0
10 -25 -24 -125 193 0
10 -25 -25 -125 194 0
10 -22 -33 -126 179 0
10 -22 -34 -126 180 0
10 -22 -35 -126 181 0
10 -22 -36 -126 182 0
10 -23 -33 -126 183 0
10 -23 -34 -126 184 0
10 -23 -35 -126 185 0
10 -23 -36 -126 186 0
10 -24 -33 -126 187 0
10 -24 -34 -126 188 0
10 -24 -35 -126 189 0
10 -24 -36 -126 190 0
10 -25 -33 -126 191 0
10 -25 -34 -126 192 0
10 -25 -35 -126 193 0
10 -25 -36 -126 194 0
10 -33 -11 -127 179 0
10 -33 -12 -127 180 0
10 -33 -13 -127 181 0
10 -33 -14 -127 182 0
10 -34 -11 -127 183 0
10 -34 -12 -127 184 0
10 -34 -13 -127 185 0
10 -34 -14 -127 186 0
10 -35 -11 -127 187 0
10 -35 -12 -127 188 0
10 -35 -13 -127 189 0
10 -35 -14 -127 190 0
10 -36 -11 -127 191 0
10 -36 -12 -127 192 0
10 -36 -13 -127 193 0
10 -36 -14 -127 194 0
10 -33 -22 -128 179 0
10 -33 -23 -128 180 0
10 -33 -24 -128 181 0
10 -33 -25 -128 182 0
10 -34 -22 -128 183 0
10 -34 -23 -128 184 0
10 -34 -24 -128 185 0
10 -34 -25 -128 186 0
10 -35 -22 -128 187 0
10 -35 -23 -128 188 0
10 -35 -24 -128 189 0
10 -35 -25 -128 190 0
10 -36 -22 -128 191 0
10 -36 -23 -128 192 0
10 -36 -24 -128 193 0
10 -36 -25 -128 194 0
10 -33 -33 -129 179 0
10 -33 -34 -129 180 0
10 -33 -35 -129 181 0
10 -33 -36 -129 182 0
10 -34 -33 -129 183 0
10 -34 -34 -129 184 0
10 -34 -35 -129 185 0
10 -34 -36 -129 186 0
10 -35 -33 -129 187 0
10 -35 -34 -129 188 0
10 -35 -35 -129 189 0
10 -35 -36 -129 190 0
10 -36 -33 -129 191 0
10 -36 -34 -129 192 0
10 -36 -35 -129 193 0
10 -36 -36 -129 194 0
10 -4 -4 -195 204 0
10 -4 -5 -195 205 0
10 -4 -6 -195 206 0
10 -4 -7 -195 207 0
10 -4 -8 -195 208 0
10 -4 -9 -195 209 0
10 -4 -10 -195 210 0
10 -5 -4 -195 211 0
10 -5 -5 -195 212 0
10 -5 -6 -195 213 0
10 -5 -7 -195 214 0
10 -5 -8 -195 215 0
10 -5 -9 -195 216 0
10 -5 -10 -195 217 0
10 -6 -4 -195 218 0
10 -6 -5 -195 219 0
10 -6 -6 -195 220 0
10 -6 -7 -195 221 0
10 -6 -8 -195 222 0
10 -6 -9 -195 223 0
10 -6 -10 -195 224 0
10 -7 -4 -195 225 0
10 -7 -5 -195 226 0
10 -7 -6 -195 227 0
10 -7 -7 -195 228 0
10 -7 -8 -195 229 0
10 -7 -9 -195 230 0
10 -7 -10 -195 231 0
10 -8 -4 -195 232 0
10 -8 -5 -195 233 0
10 -8 -6 -195 234 0
10 -8 -7 -195 235 0
10 -8 -8 -195 236 0
10 -8 -9 -195 237 0
10 -8 -10 -195 238 0
10 -9 -4 -195 239 0
10 -9 -5 -195 240 0
10 -9 -6 -195 241 0
10 -9 -7 -195 242 0
10 -9 -8 -195 243 0
10 -9 -9 -195 244 0
10 -9 -10 -195 245 0
10 -10 -4 -195 246 0
10 -10 -5 -195 247 0
10 -10 -6 -195 248 0
10 -10 -7 -195 249 0
10 -10 -8 -195 250 0
10 -10 -9 -195 251 0
10 -10 -10 -195 252 0
10 -4 -15 -196 204 0
10 -4 -16 -196 205 0
10 -4 -17 -196 206 0
10 -4 -18 -196 207 0
10 -4 -19 -196 208 0
10 -4 -20 -196 209 0
10 -4 -21 -196 210 0
10 -5 -15 -196 211 0
10 -5 -16 -196 212 0
10 -5 -17 -196 213 0
10 -5 -18 -196 214 0
10 -5 -19 -196 215 0
10 -5 -20 -196 216 0
10 -5 -21 -196 217 0
10 -6 -15 -196 218 0
10 -6 -16 -196 219 0
10 -6 -17 -196 220 0
10 -6 -18 -196 221 0
10 -6 -19 -196 222 0
10 -6 -20 -196 223 0
10 -6 -21 -196 224 0
10 -7 -15 -196 225 0
10 -7 -16 -196 226 0
10 -7 -17 -196 227 0
10 -7 -18 -196 228 0
10 -7 -19 -196 229 0
10 -7 -20 -196 230 0
10 -7 -21 -196 231 0
10 -8 -15 -196 232 0
10 -8 -16 -196 233 0
10 -8 -17 -196 234 0
10 -8 -18 -196 235 0
10 -8 -19 -196 236 0
10 -8 -20 -196 237 0
10 -8 -21 -196 238 0
10 -9 -15 -196 239 0
10 -9 -16 -196 240 0
10 -9 -17 -196 241 0
10 -9 -18 -196 242 0
10 -9 -19 -196 243 0
10 -9 -20 -196 244 0
10 -9 -21 -196 245 0
10 -10 -15 -196 246 0
10 -10 -16 -196 247 0
10 -10 -17 -196 248 0
10 -10 -18 -196 249 0
10 -10 -19 -196 250 0
10 -10 -20 -196 251 0
10 -10 -21 -196 252 0
10 -4 -26 -197 204 0
10 -4 -27 -197 205 0
10 -4 -28 -197 206 0
10 -4 -29 -197 207 0
10 -4 -30 -197 208 0
10 -4 -31 -197 209 0
10 -4 -32 -197 210 0
10 -5 -26 -197 211 0
10 -5 -27 -197 212 0
10 -5 -28 -197 213 0
10 -5 -29 -197 214 0
10 -5 -30 -197 215 0
10 -5 -31 -197 216 0
10 -5 -32 -197 217 0
10 -6 -26 -197 218 0
10 -6 -27 -197 219 0
10 -6 -28 -197 220 0
10 -6 -29 -197 221 0
10 -6 -30 -197 222 0
10 -6 -31 -197 223 0
10 -6 -32 -197 224 0
10 -7 -26 -197 225 0
10 -7 -27 -197 226 0
10 -7 -28 -197 227 0
10 -7 -29 -197 228 0
10 -7 -30 -197 229 0
10 -7 -31 -197 230 0
10 -7 -32 -197 231 0
10 -8 -26 -197 232 0
10 -8 -27 -197 233 0
10 -8 -28 -197 234 0
10 -8 -29 -197 235 0
10 -8 -30 -197 236 0
10 -8 -31 -197 237 0
10 -8 -32 -197 238 0
10 -9 -26 -197 239 0
10 -9 -27 -197 240 0
10 -9 -28 -197 241 0
10 -9 -29 -197 242 0
10 -9 -30 -197 243 0
10 -9 -31 -197 244 0
10 -9 -32 -197 245 0
10 -10 -26 -197 246 0
10 -10 -27 -197 247 0
10 -10 -28 -197 248 0
10 -10 -29 -197 249 0
10 -10 -30 -197 250 0
10 -10 -31 -197 251 0
10 -10 -32 -197 252 0
10 -15 -4 -198 204 0
10 -15 -5 -198 205 0
10 -15 -6 -198 206 0
10 -15 -7 -198 207 0
10 -15 -8 -198 208 0
10 -15 -9 -198 209 0
10 -15 -10 -198 210 0
10 -16 -4 -198 211 0
10 -16 -5 -198 212 0
10 -16 -6 -198 213 0
10 -16 -7 -198 214 0
10 -16 -8 -198 215 0
10 -16 -9 -198 216 0
10 -16 -10 -198 217 0
10 -17 -4 -198 218 0
10 -17 -5 -198 219 0
10 -17 -6 -198 220 0
10 -17 -7 -198 221 0
10 -17 -8 -198 222 0
10 -17 -9 -198 223 0
10 -17 -10 -198 224 0
10 -18 -4 -198 225 0
10 -18 -5 -198 226 0
10 -18 -6 -198 227 0
10 -18 -7 -198 228 0
10 -18 -8 -198 229 0
10 -18 -9 -198 230 0
10 -18 -10 -198 231 0
10 -19 -4 -198 232 0
10 -19 -5 -198 233 0
10 -19 -6 -198 234 0
10 -19 -7 -198 235 0
10 -19 -8 -198 236 0
10 -19 -9 -198 237 0
10 -19 -10 -198 238 0
10 -20 -4 -198 239 0
10 -20 -5 -198 240 0
10 -20 -6 -198 241 0
10 -20 -7 -198 242 0
10 -20 -8 -198 243 0
10 -20 -9 -198 244 0
10 -20 -10 -198 245 0
10 -21 -4 -198 246 0
10 -21 -5 -198 247 0
10 -21 -6 -198 248 0
10 -21 -7 -198 249 0
10 -21 -8 -198 250 0
10 -21 -9 -198 251 0
10 -21 -10 -198 252 0
10 -15 -15 -199 204 0
10 -15 -16 -199 205 0
10 -15 -17 -199 206 0
10 -15 -18 -199 207 0
10 -15 -19 -199 208 0
10 -15 -20 -199 209 0
10 -15 -21 -199 210 0
10 -16 -15 -199 211 0
10 -16 -16 -199 212 0
10 -16 -17 -199 213 0
10 -16 -18 -199 214 0
10 -16 -19 -199 215 0
10 -16 -20 -199 216 0
10 -16 -21 -199 217 0
10 -17 -15 -199 218 0
10 -17 -16 -199 219 0
10 -17 -17 -199 220 0
10 -17 -18 -199 221 0
10 -17 -19 -199 222 0
10 -17 -20 -199 223 0
10 -17 -21 -199 224 0
10 -18 -15 -199 225 0
10 -18 -16 -199 226 0
10 -18 -17 -199 227 0
10 -18 -18 -199 228 0
10 -18 -19 -199 229 0
10 -18 -20 -199 230 0
10 -18 -21 -199 231 0
10 -19 -15 -199 232 0
10 -19 -16 -199 233 0
10 -19 -17 -199 234 0
10 -19 -18 -199 235 0
10 -19 -19 -199 236 0
10 -19 -20 -199 237 0
10 -19 -21 -199 238 0
10 -20 -15 -199 239 0
10 -20 -16 -199 240 0
10 -20 -17 -199 241 0
10 -20 -18 -199 242 0
10 -20 -19 -199 243 0
10 -20 -20 -199 244 0
10 -20 -21 -199 245 0
10 -21 -15 -199 246 0
10 -21 -16 -199 247 0
10 -21 -17 -199 248 0
10 -21 -18 -199 249 0
10 -21 -19 -199 250 0
10 -21 -20 -199 251 0
10 -21 -21 -199 252 0
10 -15 -26 -200 204 0
10 -15 -27 -200 205 0
10 -15 -28 -200 206 0
10 -15 -29 -200 207 0
10 -15 -30 -200 208 0
10 -15 -31 -200 209 0
10 -15 -32 -200 210 0
10 -16 -26 -200 211 0
10 -16 -27 -200 212 0
10 -16 -28 -200 213 0
10 -16 -29 -200 214 0
10 -16 -30 -200 215 0
10 -16 -31 -200 216 0
10 -16 -32 -200 217 0
10 -17 -26 -200 218 0
10 -17 -27 -200 219 0
10 -17 -28 -200 220 0
10 -17 -29 -200 221 0
10 -17 -30 -200 222 0
10 -17 -31 -200 223 0
10 -17 -32 -200 224 0
10 -18 -26 -200 225 0
10 -18 -27 -200 226 0
10 -18 -28 -200 227 0
10 -18 -29 -200 228 0
10 -18 -30 -200 229 0
10 -18 -31 -200 230 0
10 -18 -32 -200 231 0
10 -19 -26 -200 232 0
10 -19 -27 -200 233 0
10 -19 -28 -200 234 0
10 -19 -29 -200 235 0
10 -19 -30 -200 236 0
10 -19 -31 -200 237 0
10 -19 -32 -200 238 0
10 -20 -26 -200 239 0
10 -20 -27 -200 240 0
10 -20 -28 -200 241 0
10 -20 -29 -200 242 0
10 -20 -30 -200 243 0
10 -20 -31 -200 244 0
10 -20 -32 -200 245 0
10 -21 -26 -200 246 0
10 -21 -27 -200 247 0
10 -21 -28 -200 248 0
10 -21 -29 -200 249 0
10 -21 -30 -200 250 0
10 -21 -31 -200 251 0
10 -21 -32 -200 252 0
10 -26 -4 -201 204 0
10 -26 -5 -201 205 0
10 -26 -6 -201 206 0
10 -26 -7 -201 207 0
10 -26 -8 -201 208 0
10 -26 -9 -201 209 0
10 -26 -10 -201 210 0
10 -27 -4 -201 211 0
10 -27 -5 -201 212 0
10 -27 -6 -201 213 0
10 -27 -7 -201 214 0
10 -27 -8 -201 215 0
10 -27 -9 -201 216 0
10 -27 -10 -201 217 0
10 -28 -4 -201 218 0
10 -28 -5 -201 219 0
10 -28 -6 -201 220 0
10 -28 -7 -201 221 0
10 -28 -8 -201 222 0
10 -28 -9 -201 223 0
10 -28 -10 -201 224 0
10 -29 -4 -201 225 0
10 -29 -5 -201 226 0
10 -29 -6 -201 227 0
10 -29 -7 -201 228 0
10 -29 -8 -201 229 0
10 -29 -9 -201 230 0
10 -29 -10 -201 231 0
10 -30 -4 -201 232 0
10 -30 -5 -201 233 0
10 -30 -6 -201 234 0
10 -30 -7 -201 235 0
10 -30 -8 -201 236 0
10 -30 -9 -201 237 0
10 -30 -10 -201 238 0
10 -31 -4 -201 239 0
10 -31 -5 -201 240 0
10 -31 -6 -201 241 0
10 -31 -7 -201 242 0
10 -31 -8 -201 243 0
10 -31 -9 -201 244 0
10 -31 -10 -201 245 0
10 -32 -4 -201 246 0
10 -32 -5 -201 247 0
10 -32 -6 -201 248 0
10 -32 -7 -201 249 0
10 -32 -8 -201 250 0
10 -32 -9 -201 251 0
10 -32 -10 -201 252 0
10 -26 -15 -202 204 0
10 -26 -16 -202 205 0
10 -26 -17 -202 206 0
10 -26 -18 -202 207 0
10 -26 -19 -202 208 0
10 -26 -20 -202 209 0
10 -26 -21 -202 210 0
10 -27 -15 -202 211 0
10 -27 -16 -202 212 0
10 -27 -17 -202 213 0
10 -27 -18 -202 214 0
10 -27 -19 -202 215 0
10 -27 -20 -202 216 0
10 -27 -21 -202 217 0
10 -28 -15 -202 218 0
10 -28 -16 -202 219 0
10 -28 -17 -202 220 0
10 -28 -18 -202 221 0
10 -28 -19 -202 222 0
10 -28 -20 -202 223 0
10 -28 -21 -202 224 0
10 -29 -15 -202 225 0
10 -29 -16 -202 226 0
10 -29 -17 -202 227 0
10 -29 -18 -202 228 0
10 -29 -19 -202 229 0
10 -29 -20 -202 230 0
10 -29 -21 -202 231 0
10 -30 -15 -202 232 0
10 -30 -16 -202 233 0
10 -30 -17 -202 234 0
10 -30 -18 -202 235 0
10 -30 -19 -202 236 0
10 -30 -20 -202 237 0
10 -30 -21 -202 238 0
10 -31 -15 -202 239 0
10 -31 -16 -202 240 0
10 -31 -17 -202 241 0
10 -31 -18 -202 242 0
10 -31 -19 -202 243 0
10 -31 -20 -202 244 0
10 -31 -21 -202 245 0
10 -32 -15 -202 246 0
10 -32 -16 -202 247 0
10 -32 -17 -202 248 0
10 -32 -18 -202 249 0
10 -32 -19 -202 250 0
10 -32 -20 -202 251 0
10 -32 -21 -202 252 0
10 -26 -26 -203 204 0
10 -26 -27 -203 205 0
10 -26 -28 -203 206 0
10 -26 -29 -203 207 0
10 -26 -30 -203 208 0
10 -26 -31 -203 209 0
10 -26 -32 -203 210 0
10 -27 -26 -203 211 0
10 -27 -27 -203 212 0
10 -27 -28 -203 213 0
10 -27 -29 -203 214 0
10 -27 -30 -203 215 0
10 -27 -31 -203 216 0
10 -27 -32 -203 217 0
10 -28 -26 -203 218 0
10 -28 -27 -203 219 0
10 -28 -28 -203 220 0
10 -28 -29 -203 221 0
10 -28 -30 -203 222 0
10 -28 -31 -203 223 0
10 -28 -32 -203 224 0
10 -29 -26 -203 225 0
10 -29 -27 -203 226 0
10 -29 -28 -203 227 0
10 -29 -29 -203 228 0
10 -29 -30 -203 229 0
10 -29 -31 -203 230 0
10 -29 -32 -203 231 0
10 -30 -26 -203 232 0
10 -30 -27 -203 233 0
10 -30 -28 -203 234 0
10 -30 -29 -203 235 0
10 -30 -30 -203 236 0
10 -30 -31 -203 237 0
10 -30 -32 -203 238 0
10 -31 -26 -203 239 0
10 -31 -27 -203 240 0
10 -31 -28 -203 241 0
10 -31 -29 -203 242 0
10 -31 -30 -203 243 0
10 -31 -31 -203 244 0
10 -31 -32 -203 245 0
10 -32 -26 -203 246 0
10 -32 -27 -203 247 0
10 -32 -28 -203 248 0
10 -32 -29 -203 249 0
10 -32 -30 -203 250 0
10 -32 -31 -203 251 0
10 -32 -32 -203 252 0
10 -11 -11 -195 253 0
10 -11 -12 -195 254 0
10 -11 -13 -195 255 0
10 -11 -14 -195 256 0
10 -12 -11 -195 257 0
10 -12 -12 -195 258 0
10 -12 -13 -195 259 0
10 -12 -14 -195 260 0
10 -13 -11 -195 261 0
10 -13 -12 -195 262 0
10 -13 -13 -195 263 0
10 -13 -14 -195 264 0
10 -14 -11 -195 265 0
10 -14 -12 -195 266 0
10 -14 -13 -195 267 0
10 -14 -14 -195 268 0
10 -11 -22 -196 253 0
10 -11 -23 -196 254 0
10 -11 -24 -196 255 0
10 -11 -25 -196 256 0
10 -12 -22 -196 257 0
10 -12 -23 -196 258 0
10 -12 -24 -196 259 0
10 -12 -25 -196 260 0
10 -13 -22 -196 261 0
10 -13 -23 -196 262 0
10 -13 -24 -196 263 0
10 -13 -25 -196 264 0
10 -14 -22 -196 265 0
10 -14 -23 -196 266 0
10 -14 -24 -196 267 0
10 -14 -25 -196 268 0
10 -11 -33 -197 253 0
10 -11 -34 -197 254 0
10 -11 -35 -197 255 0
10 -11 -36 -197 256 0
10 -12 -33 -197 257 0
10 -12 -34 -197 258 0
10 -12 -35 -197 259 0
10 -12 -36 -197 260 0
10 -13 -33 -197 261 0
10 -13 -34 -197 262 0
10 -13 -35 -197 263 0
10 -13 -36 -197 264 0
10 -14 -33 -197 265 0
10 -14 -34 -197 266 0
10 -14 -35 -197 267 0
10 -14 -36 -197 268 0
10 -22 -11 -198 253 0
10 -22 -12 -198 254 0
10 -22 -13 -198 255 0
10 -22 -14 -198 256 0
10 -23 -11 -198 257 0
10 -23 -12 -198 258 0
10 -23 -13 -198 259 0
10 -23 -14 -198 260 0
10 -24 -11 -198 261 0
10 -24 -12 -198 262 0
10 -24 -13 -198 263 0
10 -24 -14 -198 264 0
10 -25 -11 -198 265 0
10 -25 -12 -198 266 0
10 -25 -13 -198 267 0
10 -25 -14 -198 268 0
10 -22 -22 -199 253 0
10 -22 -23 -199 254 0
10 -22 -24 -199 255 0
10 -22 -25 -199 256 0
10 -23 -22 -199 257 0
10 -23 -23 -199 258 0
10 -23 -24 -199 259 0
10 -23 -25 -199 260 0
10 -24 -22 -199 261 0
10 -24 -23 -199 262 0
10 -24 -24 -199 263 0
10 -24 -25 -199 264 0
10 -25 -22 -199 265 0
10 -25 -23 -199 266 0
10 -25 -24 -199 267 0
10 -25 -25 -199 268 0
10 -22 -33 -200 253 0
10 -22 -34 -200 254 0
10 -22 -35 -200 255 0
10 -22 -36 -200 256 0
10 -23 -33 -200 257 0
10 -23 -34 -200 258 0
10 -23 -35 -200 259 0
10 -23 -36 -200 260 0
10 -24 -33 -200 261 0
10 -24 -34 -200 262 0
10 -24 -35 -200 263 0
10 -24 -36 -200 264 0
10 -25 -33 -200 265 0
10 -25 -34 -200 266 0
10 -25 -35 -200 267 0
10 -25 -36 -200 268 0
10 -33 -11 -201 253 0
10 -33 -12 -201 254 0
10 -33 -13 -201 255 0
10 -33 -14 -201 256 0
10 -34 -11 -201 257 0
10 -34 -12 -201 258 0
10 -34 -13 -201 259 0
10 -34 -14 -201 260 0
10 -35 -11 -201 261 0
10 -35 -12 -201 262 0
10 -35 -13 -201 263 0
10 -35 -14 -201 264 0
10 -36 -11 -201 265 0
10 -36 -12 -201 266 0
10 -36 -13 -201 267 0
10 -36 -14 -201 268 0
10 -33 -22 -202 253 0
10 -33 -23 -202 254 0
10 -33 -24 -202 255 0
10 -33 -25 -202 256 0
10 -34 -22 -202 257 0
10 -34 -23 -202 258 0
10 -34 -24 -202 259 0
10 -34 -25 -202 260 0
10 -35 -22 -202 261 0
10 -35 -23 -202 262 0
10 -35 -24 -202 263 0
10 -35 -25 -202 264 0
10 -36 -22 -202 265 0
10 -36 -23 -202 266 0
10 -36 -24 -202 267 0
10 -36 -25 -202 268 0
10 -33 -33 -203 253 0
10 -33 -34 -203 254 0
10 -33 -35 -203 255 0
10 -33 -36 -203 256 0
10 -34 -33 -203 257 0
10 -34 -34 -203 258 0
10 -34 -35 -203 259 0
10 -34 -36 -203 260 0
10 -35 -33 -203 261 0
10 -35 -34 -203 262 0
10 -35 -35 -203 263 0
10 -35 -36 -203 264 0
10 -36 -33 -203 265 0
10 -36 -34 -203 266 0
10 -36 -35 -203 267 0
10 -36 -36 -203 268 0
10 -4 -4 -269 278 0
10 -4 -5 -269 279 0
10 -4 -6 -269 280 0
10 -4 -7 -269 281 0
10 -4 -8 -269 282 0
10 -4 -9 -269 283 0
10 -4 -10 -269 284 0
10 -5 -4 -269 285 0
10 -5 -5 -269 286 0
10 -5 -6 -269 287 0
10 -5 -7 -269 288 0
10 -5 -8 -269 289 0
10 -5 -9 -269 290 0
10 -5 -10 -269 291 0
10 -6 -4 -269 292 0
10 -6 -5 -269 293 0
10 -6 -6 -269 294 0
10 -6 -7 -269 295 0
10 -6 -8 -269 296 0
10 -6 -9 -269 297 0
10 -6 -10 -269 298 0
10 -7 -4 -269 299 0
10 -7 -5 -269 300 0
10 -7 -6 -269 301 0
10 -7 -7 -269 302 0
10 -7 -8 -269 303 0
10 -7 -9 -269 304 0
10 -7 -10 -269 305 0
10 -8 -4 -269 306 0
10 -8 -5 -269 307 0
10 -8 -6 -269 308 0
10 -8 -7 -269 309 0
10 -8 -8 -269 310 0
10 -8 -9 -269 311 0
10 -8 -10 -269 312 0
10 -9 -4 -269 313 0
10 -9 -5 -269 314 0
10 -9 -6 -269 315 0
10 -9 -7 -269 316 0
10 -9 -8 -269 317 0
10 -9 -9 -269 318 0
10 -9 -10 -269 319 0
10 -10 -4 -269 320 0
10 -10 -5 -269 321 0
10 -10 -6 -269 322 0
10 -10 -7 -269 323 0
10 -10 -8 -269 324 0
10 -10 -9 -269 325 0
10 -10 -10 -269 326 0
10 -4 -15 -270 278 0
10 -4 -16 -270 279 0
10 -4 -17 -270 280 0
10 -4 -18 -270 281 0
10 -4 -19 -270 282 0
10 -4 -20 -270 283 0
10 -4 -21 -270 284 0
10 -5 -15 -270 285 0
10 -5 -16 -270 286 0
10 -5 -17 -270 287 0
10 -5 -18 -270 288 0
10 -5 -19 -270 289 0
10 -5 -20 -270 290 0
10 -5 -21 -270 291 0
10 -6 -15 -270 292 0
10 -6 -16 -270 293 0
10 -6 -17 -270 294 0
10 -6 -18 -270 295 0
10 -6 -19 -270 296 0
10 -6 -20 -270 297 0
10 -6 -21 -270 298 0
10 -7 -15 -270 299 0
10 -7 -16 -270 300 0
10 -7 -17 -270 301 0
10 -7 -18 -270 302 0
10 -7 -19 -270 303 0
10 -7 -20 -270 304 0
10 -7 -21 -270 305 0
10 -8 -15 -270 306 0
10 -8 -16 -270 307 0
10 -8 -17 -270 308 0
10 -8 -18 -270 309 0
10 -8 -19 -270 310 0
10 -8 -20 -270 311 0
10 -8 -21 -270 312 0
10 -9 -15 -270 313 0
10 -9 -16 -270 314 0
10 -9 -17 -270 315 0
10 -9 -18 -270 316 0
10 -9 -19 -270 317 0
10 -9 -20 -270 318 0
10 -9 -21 -270 319 0
10 -10 -15 -270 320 0
10 -10 -16 -270 321 0
10 -10 -17 -270 322 0
10 -10 -18 -270 323 0
10 -10 -19 -270 324 0
10 -10 -20 -270 325 0
10 -10 -21 -270 326 0
10 -4 -26 -271 278 0
10 -4 -27 -271 279 0
10 -4 -28 -271 280 0
10 -4 -29 -271 281 0
10 -4 -30 -271 282 0
10 -4 -31 -271 283 0
10 -4 -32 -271 284 0
10 -5 -26 -271 285 0
10 -5 -27 -271 286 0
10 -5 -28 -271 287 0
10 -5 -29 -271 288 0
10 -5 -30 -271 289 0
10 -5 -31 -271 290 0
10 -5 -32 -271 291 0
10 -6 -26 -271 292 0
10 -6 -27 -271 293 0
10 -6 -28 -271 294 0
10 -6 -29 -271 295 0
10 -6 -30 -271 296 0
10 -6 -31 -271 297 0
10 -6 -32 -271 298 0
10 -7 -26 -271 299 0
10 -7 -27 -271 300 0
10 -7 -28 -271 301 0
10 -7 -29 -271 302 0
10 -7 -30 -271 303 0
10 -7 -31 -271 304 0
10 -7 -32 -271 305 0
10 -8 -26 -271 306 0
10 -8 -27 -271 307 0
10 -8 -28 -271 308 0
10 -8 -29 -271 309 0
10 -8 -30 -271 310 0
10 -8 -31 -271 311 0
10 -8 -32 -271 312 0
10 -9 -26 -271 313 0
10 -9 -27 -271 314 0
10 -9 -28 -271 315 0
10 -9 -29 -271 316 0
10 -9 -30 -271 317 0
10 -9 -31 -271 318 0
10 -9 -32 -271 319 0
10 -10 -26 -271 320 0
10 -10 -27 -271 321 0
10 -10 -28 -271 322 0
10 -10 -29 -271 323 0
10 -10 -30 -271 324 0
10 -10 -31 -271 325 0
10 -10 -32 -271 326 0
10 -15 -4 -272 278 0
10 -15 -5 -272 279 0
10 -15 -6 -272 280 0
10 -15 -7 -272 281 0
10 -15 -8 -272 282 0
10 -15 -9 -272 283 0
10 -15 -10 -272 284 0
10 -16 -4 -272 285 0
10 -16 -5 -272 286 0
10 -16 -6 -272 287 0
10 -16 -7 -272 288 0
10 -16 -8 -272 289 0
10 -16 -9 -272 290 0
10 -16 -10 -272 291 0
10 -17 -4 -272 292 0
10 -17 -5 -272 293 0
10 -17 -6 -272 294 0
10 -17 -7 -272 295 0
10 -17 -8 -272 296 0
10 -17 -9 -272 297 0
10 -17 -10 -272 298 0
10 -18 -4 -272 299 0
10 -18 -5 -272 300 0
10 -18 -6 -272 301 0
10 -18 -7 -272 302 0
10 -18 -8 -272 303 0
10 -18 -9 -272 304 0
10 -18 -10 -272 305 0
10 -19 -4 -272 306 0
10 -19 -5 -272 307 0
10 -19 -6 -272 308 0
10 -19 -7 -272 309 0
10 -19 -8 -272 310 0
10 -19 -9 -272 311 0
10 -19 -10 -272 312 0
10 -20 -4 -272 313 0
10 -20 -5 -272 314 0
10 -20 -6 -272 315 0
10 -20 -7 -272 316 0
10 -20 -8 -272 317 0
10 -20 -9 -272 318 0
10 -20 -10 -272 319 0
10 -21 -4 -272 320 0
10 -21 -5 -272 321 0
10 -21 -6 -272 322 0
10 -21 -7 -272 323 0
10 -21 -8 -272 324 0
10 -21 -9 -272 325 0
10 -21 -10 -272 326 0
10 -15 -15 -273 278 0
10 -15 -16 -273 279 0
10 -15 -17 -273 280 0
10 -15 -18 -273 281 0
10 -15 -19 -273 282 0
10 -15 -20 -273 283 0
10 -15 -21 -273 284 0
10 -16 -15 -273 285 0
10 -16 -16 -273 286 0
10 -16 -17 -273 287 0
10 -16 -18 -273 288 0
10 -16 -19 -273 289 0
10 -16 -20 -273 290 0
10 -16 -21 -273 291 0
10 -17 -15 -273 292 0
10 -17 -16 -273 293 0
10 -17 -17 -273 294 0
10 -17 -18 -273 295 0
10 -17 -19 -273 296 0
10 -17 -20 -273 297 0
10 -17 -21 -273 298 0
10 -18 -15 -273 299 0
10 -18 -16 -273 300 0
10 -18 -17 -273 301 0
10 -18 -18 -273 302 0
10 -18 -19 -273 303 0
10 -18 -20 -273 304 0
10 -18 -21 -273 305 0
10 -19 -15 -273 306 0
10 -19 -16 -273 307 0
10 -19 -17 -273 308 0
10 -19 -18 -273 309 0
10 -19 -19 -273 310 0
10 -19 -20 -273 311 0
10 -19 -21 -273 312 0
10 -20 -15 -273 313 0
10 -20 -16 -273 314 0
10 -20 -17 -273 315 0
10 -20 -18 -273 316 0
10 -20 -19 -273 317 0
10 -20 -20 -273 318 0
10 -20 -21 -273 319 0
10 -21 -15 -273 320 0
10 -21 -16 -273 321 0
10 -21 -17 -273 322 0
10 -21 -18 -273 323 0
10 -21 -19 -273 324 0
10 -21 -20 -273 325 0
10 -21 -21 -273 326 0
10 -15 -26 -274 278 0
10 -15 -27 -274 279 0
10 -15 -28 -274 280 0
10 -15 -29 -274 281 0
10 -15 -30 -274 282 0
10 -15 -31 -274 283 0
10 -15 -32 -274 284 0
10 -16 -26 -274 285 0
10 -16 -27 -274 286 0
10 -16 -28 -274 287 0
10 -16 -29 -274 288 0
10 -16 -30 -274 289 0
10 -16 -31 -274 290 0
10 -16 -32 -274 291 0
10 -17 -26 -274 292 0
10 -17 -27 -274 293 0
10 -17 -28 -274 294 0
10 -17 -29 -274 295 0
10 -17 -30 -274 296 0
10 -17 -31 -274 297 0
10 -17 -32 -274 298 0
10 -18 -26 -274 299 0
10 -18 -27 -274 300 0
10 -18 -28 -274 301 0
10 -18 -29 -274 302 0
10 -18 -30 -274 303 0
10 -18 -31 -274 304 0
10 -18 -32 -274 305 0
10 -19 -26 -274 306 0
10 -19 -27 -274 307 0
10 -19 -28 -274 308 0
10 -19 -29 -274 309 0
10 -19 -30 -274 310 0
10 -19 -31 -274 311 0
10 -19 -32 -274 312 0
10 -20 -26 -274 313 0
10 -20 -27 -274 314 0
10 -20 -28 -274 315 0
10 -20 -29 -274 316 0
10 -20 -30 -274 317 0
10 -20 -31 -274 318 0
10 -20 -32 -274 319 0
10 -21 -26 -274 320 0
10 -21 -27 -274 321 0
10 -21 -28 -274 322 0
10 -21 -29 -274 323 0
10 -21 -30 -274 324 0
10 -21 -31 -274 325 0
10 -21 -32 -274 326 0
10 -26 -4 -275 278 0
10 -26 -5 -275 279 0
10 -26 -6 -275 280 0
10 -26 -7 -275 281 0
10 -26 -8 -275 282 0
10 -26 -9 -275 283 0
10 -26 -10 -275 284 0
10 -27 -4 -275 285 0
10 -27 -5 -275 286 0
10 -27 -6 -275 287 0
10 -27 -7 -275 288 0
10 -27 -8 -275 289 0
10 -27 -9 -275 290 0
10 -27 -10 -275 291 0
10 -28 -4 -275 292 0
10 -28 -5 -275 293 0
10 -28 -6 -275 294 0
10 -28 -7 -275 295 0
10 -28 -8 -275 296 0
10 -28 -9 -275 297 0
10 -28 -10 -275 298 0
10 -29 -4 -275 299 0
10 -29 -5 -275 300 0
10 -29 -6 -275 301 0
10 -29 -7 -275 302 0
10 -29 -8 -275 303 0
10 -29 -9 -275 304 0
10 -29 -10 -275 305 0
10 -30 -4 -275 306 0
10 -30 -5 -275 307 0
10 -30 -6 -275 308 0
10 -30 -7 -275 309 0
10 -30 -8 -275 310 0
10 -30 -9 -275 311 0
10 -30 -10 -275 312 0
10 -31 -4 -275 313 0
10 -31 -5 -275 314 0
10 -31 -6 -275 315 0
10 -31 -7 -275 316 0
10 -31 -8 -275 317 0
10 -31 -9 -275 318 0
10 -31 -10 -275 319 0
10 -32 -4 -275 320 0
10 -32 -5 -275 321 0
10 -32 -6 -275 322 0
10 -32 -7 -275 323 0
10 -32 -8 -275 324 0
10 -32 -9 -275 325 0
10 -32 -10 -275 326 0
10 -26 -15 -276 278 0
10 -26 -16 -276 279 0
10 -26 -17 -276 280 0
10 -26 -18 -276 281 0
10 -26 -19 -276 282 0
10 -26 -20 -276 283 0
10 -26 -21 -276 284 0
10 -27 -15 -276 285 0
10 -27 -16 -276 286 0
10 -27 -17 -276 287 0
10 -27 -18 -276 288 0
10 -27 -19 -276 289 0
10 -27 -20 -276 290 0
10 -27 -21 -276 291 0
10 -28 -15 -276 292 0
10 -28 -16 -276 293 0
10 -28 -17 -276 294 0
10 -28 -18 -276 295 0
10 -28 -19 -276 296 0
10 -28 -20 -276 297 0
10 -28 -21 -276 298 0
10 -29 -15 -276 299 0
10 -29 -16 -276 300 0
10 -29 -17 -276 301 0
10 -29 -18 -276 302 0
10 -29 -19 -276 303 0
10 -29 -20 -276 304 0
10 -29 -21 -276 305 0
10 -30 -15 -276 306 0
10 -30 -16 -276 307 0
10 -30 -17 -276 308 0
10 -30 -18 -276 309 0
10 -30 -19 -276 310 0
10 -30 -20 -276 311 0
10 -30 -21 -276 312 0
10 -31 -15 -276 313 0
10 -31 -16 -276 314 0
10 -31 -17 -276 315 0
10 -31 -18 -276 316 0
10 -31 -19 -276 317 0
10 -31 -20 -276 318 0
10 -31 -21 -276 319 0
10 -32 -15 -276 320 0
10 -32 -16 -276 321 0
10 -32 -17 -276 322 0
10 -32 -18 -276 323 0
10 -32 -19 -276 324 0
10 -32 -20 -276 325 0
10 -32 -21 -276 326 0
10 -26 -26 -277 278 0
10 -26 -27 -277 279 0
10 -26 -28 -277 280 0
10 -26 -29 -277 281 0
10 -26 -30 -277 282 0
10 -26 -31 -277 283 0
10 -26 -32 -277 284 0
10 -27 -26 -277 285 0
10 -27 -27 -277 286 0
10 -27 -28 -277 287 0
10 -27 -29 -277 288 0
10 -27 -30 -277 289 0
10 -27 -31 -277 290 0
10 -27 -32 -277 291 0
10 -28 -26 -277 292 0
10 -28 -27 -277 293 0
10 -28 -28 -277 294 0
10 -28 -29 -277 295 0
10 -28 -30 -277 296 0
10 -28 -31 -277 297 0
10 -28 -32 -277 298 0
10 -29 -26 -277 299 0
10 -29 -27 -277 300 0
10 -29 -28 -277 301 0
10 -29 -29 -277 302 0
10 -29 -30 -277 303 0
10 -29 -31 -277 304 0
10 -29 -32 -277 305 0
10 -30 -26 -277 306 0
10 -30 -27 -277 307 0
10 -30 -28 -277 308 0
10 -30 -29 -277 309 0
10 -30 -30 -277 310 0
10 -30 -31 -277 311 0
10 -30 -32 -277 312 0
10 -31 -26 -277 313 0
10 -31 -27 -277 314 0
10 -31 -28 -277 315 0
10 -31 -29 -277 316 0
10 -31 -30 -277 317 0
10 -31 -31 -277 318 0
10 -31 -32 -277 319 0
10 -32 -26 -277 320 0
10 -32 -27 -277 321 0
10 -32 -28 -277 322 0
10 -32 -29 -277 323 0
10 -32 -30 -277 324 0
10 -32 -31 -277 325 0
10 -32 -32 -277 326 0
10 -11 -11 -269 327 0
10 -11 -12 -269 328 0
10 -11 -13 -269 329 0
10 -11 -14 -269 330 0
10 -12 -11 -269 331 0
10 -12 -12 -269 332 0
10 -12 -13 -269 333 0
10 -12 -14 -269 334 0
10 -13 -11 -269 335 0
10 -13 -12 -269 336 0
10 -13 -13 -269 337 0
10 -13 -14 -269 338 0
10 -14 -11 -269 339 0
10 -14 -12 -269 340 0
10 -14 -13 -269 341 0
10 -14 -14 -269 342 0
10 -11 -22 -270 327 0
10 -11 -23 -270 328 0
10 -11 -24 -270 329 0
10 -11 -25 -270 330 0
10 -12 -22 -270 331 0
10 -12 -23 -270 332 0
10 -12 -24 -270 333 0
10 -12 -25 -270 334 0
10 -13 -22 -270 335 0
10 -13 -23 -270 336 0
10 -13 -24 -270 337 0
10 -13 -25 -270 338 0
10 -14 -22 -270 339 0
10 -14 -23 -270 340 0
10 -14 -24 -270 341 0
10 -14 -25 -270 342 0
10 -11 -33 -271 327 0
10 -11 -34 -271 328 0
10 -11 -35 -271 329 0
10 -11 -36 -271 330 0
10 -12 -33 -271 331 0
10 -12 -34 -271 332 0
10 -12 -35 -271 333 0
10 -12 -36 -271 334 0
10 -13 -33 -271 335 0
10 -13 -34 -271 336 0
10 -13 -35 -271 337 0
10 -13 -36 -271 338 0
10 -14 -33 -271 339 0
10 -14 -34 -271 340 0
10 -14 -35 -271 341 0
10 -14 -36 -271 342 0
10 -22 -11 -272 327 0
10 -22 -12 -272 328 0
10 -22 -13 -272 329 0
10 -22 -14 -272 330 0
10 -23 -11 -272 331 0
10 -23 -12 -272 332 0
10 -23 -13 -272 333 0
10 -23 -14 -272 334 0
10 -24 -11 -272 335 0
10 -24 -12 -272 336 0
10 -24 -13 -272 337 0
10 -24 -14 -272 338 0
10 -25 -11 -272 339 0
10 -25 -12 -272 340 0
10 -25 -13 -272 341 0
10 -25 -14 -272 342 0
10 -22 -22 -273 327 0
10 -22 -23 -273 328 0
10 -22 -24 -273 329 0
10 -22 -25 -273 330 0
10 -23 -22 -273 331 0
10 -23 -23 -273 332 0
10 -23 -24 -273 333 0
10 -23 -25 -273 334 0
10 -24 -22 -273 335 0
10 -24 -23 -273 336 0
10 -24 -24 -273 337 0
10 -24 -25 -273 338 0
10 -25 -22 -273 339 0
10 -25 -23 -273 340 0
10 -25 -24 -273 341 0
10 -25 -25 -273 342 0
10 -22 -33 -274 327 0
10 -22 -34 -274 328 0
10 -22 -35 -274 329 0
10 -22 -36 -274 330 0
10 -23 -33 -274 331 0
10 -23 -34 -274 332 0
10 -23 -35 -274 333 0
10 -23 -36 -274 334 0
10 -24 -33 -274 335 0
10 -24 -34 -274 336 0
10 -24 -35 -274 337 0
10 -24 -36 -274 338 0
10 -25 -33 -274 339 0
10 -25 -34 -274 340 0
10 -25 -35 -274 341 0
10 -25 -36 -274 342 0
10 -33 -11 -275 327 0
10 -33 -12 -275 328 0
10 -33 -13 -275 329 0
10 -33 -14 -275 330 0
10 -34 -11 -275 331 0
10 -34 -12 -275 332 0
10 -34 -13 -275 333 0
10 -34 -14 -275 334 0
10 -35 -11 -275 335 0
10 -35 -12 -275 336 0
10 -35 -13 -275 337 0
10 -35 -14 -275 338 0
10 -36 -11 -275 339 0
10 -36 -12 -275 340 0
10 -36 -13 -275 341 0
10 -36 -14 -275 342 0
10 -33 -22 -276 327 0
10 -33 -23 -276 328 0
10 -33 -24 -276 329 0
10 -33 -25 -276 330 0
10 -34 -22 -276 331 0
10 -34 -23 -276 332 0
10 -34 -24 -276 333 0
10 -34 -25 -276 334 0
10 -35 -22 -276 335 0
10 -35 -23 -276 336 0
10 -35 -24 -276 337 0
10 -35 -25 -276 338 0
10 -36 -22 -276 339 0
10 -36 -23 -276 340 0
10 -36 -24 -276 341 0
10 -36 -25 -276 342 0
10 -33 -33 -277 327 0
10 -33 -34 -277 328 0
10 -33 -35 -277 329 0
10 -33 -36 -277 330 0
10 -34 -33 -277 331 0
10 -34 -34 -277 332 0
10 -34 -35 -277 333 0
10 -34 -36 -277 334 0
10 -35 -33 -277 335 0
10 -35 -34 -277 336 0
10 -35 -35 -277 337 0
10 -35 -36 -277 338 0
10 -36 -33 -277 339 0
10 -36 -34 -277 340 0
10 -36 -35 -277 341 0
10 -36 -36 -277 342 0
10 -4 -4 -343 352 0
10 -4 -5 -343 353 0
10 -4 -6 -343 354 0
10 -4 -7 -343 355 0
10 -4 -8 -343 356 0
10 -4 -9 -343 357 0
10 -4 -10 -343 358 0
10 -5 -4 -343 359 0
10 -5 -5 -343 360 0
10 -5 -6 -343 361 0
10 -5 -7 -343 362 0
10 -5 -8 -343 363 0
10 -5 -9 -343 364 0
10 -5 -10 -343 365 0
10 -6 -4 -343 366 0
10 -6 -5 -343 367 0
10 -6 -6 -343 368 0
10 -6 -7 -343 369 0
10 -6 -8 -343 370 0
10 -6 -9 -343 371 0
10 -6 -10 -343 372 0
10 -7 -4 -343 373 0
10 -7 -5 -343 374 0
10 -7 -6 -343 375 0
10 -7 -7 -343 376 0
10 -7 -8 -343 377 0
10 -7 -9 -343 378 0
10 -7 -10 -343 379 0
10 -8 -4 -343 380 0
10 -8 -5 -343 381 0
10 -8 -6 -343 382 0
10 -8 -7 -343 383 0
10 -8 -8 -343 384 0
10 -8 -9 -343 385 0
10 -8 -10 -343 386 0
10 -9 -4 -343 387 0
10 -9 -5 -343 388 0
10 -9 -6 -343 389 0
10 -9 -7 -343 390 0
10 -9 -8 -343 391 0
10 -9 -9 -343 392 0
10 -9 -10 -343 393 0
10 -10 -4 -343 394 0
10 -10 -5 -343 395 0
10 -10 -6 -343 396 0
10 -10 -7 -343 397 0
10 -10 -8 -343 398 0
10 -10 -9 -343 399 0
10 -10 -10 -343 400 0
10 -4 -15 -344 352 0
10 -4 -16 -344 353 0
10 -4 -17 -344 354 0
10 -4 -18 -344 355 0
10 -4 -19 -344 356 0
10 -4 -20 -344 357 0
10 -4 -21 -344 358 0
10 -5 -15 -344 359 0
10 -5 -16 -344 360 0
10 -5 -17 -344 361 0
10 -5 -18 -344 362 0
10 -5 -19 -344 363 0
10 -5 -20 -344 364 0
10 -5 -21 -344 365 0
10 -6 -15 -344 366 0
10 -6 -16 -344 367 0
10 -6 -17 -344 368 0
10 -6 -18 -344 369 0
10 -6 -19 -344 370 0
10 -6 -20 -344 371 0
10 -6 -21 -344 372 0
10 -7 -15 -344 373 0
10 -7 -16 -344 374 0
10 -7 -17 -344 375 0
10 -7 -18 -344 376 0
10 -7 -19 -344 377 0
10 -7 -20 -344 378 0
10 -7 -21 -344 379 0
10 -8 -15 -344 380 0
10 -8 -16 -344 381 0
10 -8 -17 -344 382 0
10 -8 -18 -344 383 0
10 -8 -19 -344 384 0
10 -8 -20 -344 385 0
10 -8 -21 -344 386 0
10 -9 -15 -344 387 0
10 -9 -16 -344 388 0
10 -9 -17 -344 389 0
10 -9 -18 -344 390 0
10 -9 -19 -344 391 0
10 -9 -20 -344 392 0
10 -9 -21 -344 393 0
10 -10 -15 -344 394 0
10 -10 -16 -344 395 0
10 -10 -17 -344 396 0
10 -10 -18 -344 397 0
10 -10 -19 -344 398 0
10 -10 -20 -344 399 0
10 -10 -21 -344 400 0
10 -4 -26 -345 352 0
10 -4 -27 -345 353 0
10 -4 -28 -345 354 0
10 -4 -29 -345 355 0
10 -4 -30 -345 356 0
10 -4 -31 -345 357 0
10 -4 -32 -345 358 0
10 -5 -26 -345 359 0
10 -5 -27 -345 360 0
10 -5 -28 -345 361 0
10 -5 -29 -345 362 0
10 -5 -30 -345 363 0
10 -5 -31 -345 364 0
10 -5 -32 -345 365 0
10 -6 -26 -345 366 0
10 -6 -27 -345 367 0
10 -6 -28 -345 368 0
10 -6 -29 -345 369 0
10 -6 -30 -345 370 0
10 -6 -31 -345 371 0
10 -6 -32 -345 372 0
10 -7 -26 -345 373 0
10 -7 -27 -345 374 0
10 -7 -28 -345 375 0
10 -7 -29 -345 376 0
10 -7 -30 -345 377 0
10 -7 -31 -345 378 0
10 -7 -32 -345 379 0
10 -8 -26 -345 380 0
10 -8 -27 -345 381 0
10 -8 -28 -345 382 0
10 -8 -29 -345 383 0
10 -8 -30 -345 384 0
10 -8 -31 -345 385 0
10 -8 -32 -345 386 0
10 -9 -26 -345 387 0
10 -9 -27 -345 388 0
10 -9 -28 -345 389 0
10 -9 -29 -345 390 0
10 -9 -30 -345 391 0
10 -9 -31 -345 392 0
10 -9 -32 -345 393 0
10 -10 -26 -345 394 0
10 -10 -27 -345 395 0
10 -10 -28 -345 396 0
10 -10 -29 -345 397 0
10 -10 -30 -345 398 0
10 -10 -31 -345 399 0
10 -10 -32 -345 400 0
10 -15 -4 -346 352 0
10 -15 -5 -346 353 0
10 -15 -6 -346 354 0
10 -15 -7 -346 355 0
10 -15 -8 -346 356 0
10 -15 -9 -346 357 0
10 -15 -10 -346 358 0
10 -16 -4 -346 359 0
10 -16 -5 -346 360 0
10 -16 -6 -346 361 0
10 -16 -7 -346 362 0
10 -16 -8 -346 363 0
10 -16 -9 -346 364 0
10 -16 -10 -346 365 0
10 -17 -4 -346 366 0
10 -17 -5 -346 367 0
10 -17 -6 -346 368 0
10 -17 -7 -346 369 0
10 -17 -8 -346 370 0
10 -17 -9 -346 371 0
10 -17 -10 -346 372 0
10 -18 -4 -346 373 0
10 -18 -5 -346 374 0
10 -18 -6 -346 375 0
10 -18 -7 -346 376 0
10 -18 -8 -346 377 0
10 -18 -9 -346 378 0
10 -18 -10 -346 379 0
10 -19 -4 -346 380 0
10 -19 -5 -346 381 0
10 -19 -6 -346 382 0
10 -19 -7 -346 383 0
10 -19 -8 -346 384 0
10 -19 -9 -346 385 0
10 -19 -10 -346 386 0
10 -20 -4 -346 387 0
10 -20 -5 -346 388 0
10 -20 -6 -346 389 0
10 -20 -7 -346 390 0
10 -20 -8 -346 391 0
10 -20 -9 -346 392 0
10 -20 -10 -346 393 0
10 -21 -4 -346 394 0
10 -21 -5 -346 395 0
10 -21 -6 -346 396 0
10 -21 -7 -346 397 0
10 -21 -8 -346 398 0
10 -21 -9 -346 399 0
10 -21 -10 -346 400 0
10 -15 -15 -347 352 0
10 -15 -16 -347 353 0
10 -15 -17 -347 354 0
10 -15 -18 -347 355 0
10 -15 -19 -347 356 0
10 -15 -20 -347 357 0
10 -15 -21 -347 358 0
10 -16 -15 -347 359 0
10 -16 -16 -347 360 0
10 -16 -17 -347 361 0
10 -16 -18 -347 362 0
10 -16 -19 -347 363 0
10 -16 -20 -347 364 0
10 -16 -21 -347 365 0
10 -17 -15 -347 366 0
10 -17 -16 -347 367 0
10 -17 -17 -347 368 0
10 -17 -18 -347 369 0
10 -17 -19 -347 370 0
10 -17 -20 -347 371 0
10 -17 -21 -347 372 0
10 -18 -15 -347 373 0
10 -18 -16 -347 374 0
10 -18 -17 -347 375 0
10 -18 -18 -347 376 0
10 -18 -19 -347 377 0
10 -18 -20 -347 378 0
10 -18 -21 -347 379 0
10 -19 -15 -347 380 0
10 -19 -16 -347 381 0
10 -19 -17 -347 382 0
10 -19 -18 -347 383 0
10 -19 -19 -347 384 0
10 -19 -20 -347 385 0
10 -19 -21 -347 386 0
10 -20 -15 -347 387 0
10 -20 -16 -347 388 0
10 -20 -17 -347 389 0
10 -20 -18 -347 390 0
10 -20 -19 -347 391 0
10 -20 -20 -347 392 0
10 -20 -21 -347 393 0
10 -21 -15 -347 394 0
10 -21 -16 -347 395 0
10 -21 -17 -347 396 0
10 -21 -18 -347 397 0
10 -21 -19 -347 398 0
10 -21 -20 -347 399 0
10 -21 -21 -347 400 0
10 -15 -26 -348 352 0
10 -15 -27 -348 353 0
10 -15 -28 -348 354 0
10 -15 -29 -348 355 0
10 -15 -30 -348 356 0
10 -15 -31 -348 357 0
10 -15 -32 -348 358 0
10 -16 -26 -348 359 0
10 -16 -27 -348 360 0
10 -16 -28 -348 361 0
10 -16 -29 -348 362 0
10 -16 -30 -348 363 0
10 -16 -31 -348 364 0
10 -16 -32 -348 365 0
10 -17 -26 -348 366 0
10 -17 -27 -348 367 0
10 -17 -28 -348 368 0
10 -17 -29 -348 369 0
10 -17 -30 -348 370 0
10 -17 -31 -348 371 0
10 -17 -32 -348 372 0
10 -18 -26 -348 373 0
10 -18 -27 -348 374 0
10 -18 -28 -348 375 0
10 -18 -29 -348 376 0
10 -18 -30 -348 377 0
10 -18 -31 -348 378 0
10 -18 -32 -348 379 0
10 -19 -26 -348 380 0
10 -19 -27 -348 381 0
10 -19 -28 -348 382 0
10 -19 -29 -348 383 0
10 -19 -30 -348 384 0
10 -19 -31 -348 385 0
10 -19 -32 -348 386 0
10 -20 -26 -348 387 0
10 -20 -27 -348 388 0
10 -20 -28 -348 389 0
10 -20 -29 -348 390 0
10 -20 -30 -348 391 0
10 -20 -31 -348 392 0
10 -20 -32 -348 393 0
10 -21 -26 -348 394 0
10 -21 -27 -348 395 0
10 -21 -28 -348 396 0
10 -21 -29 -348 397 0
10 -21 -30 -348 398 0
10 -21 -31 -348 399 0
10 -21 -32 -348 400 0
10 -26 -4 -349 352 0
10 -26 -5 -349 353 0
10 -26 -6 -349 354 0
10 -26 -7 -349 355 0
10 -26 -8 -349 356 0
10 -26 -9 -349 357 0
10 -26 -10 -349 358 0
10 -27 -4 -349 359 0
10 -27 -5 -349 360 0
10 -27 -6 -349 361 0
10 -27 -7 -349 362 0
10 -27 -8 -349 363 0
10 -27 -9 -349 364 0
10 -27 -10 -349 365 0
10 -28 -4 -349 366 0
10 -28 -5 -349 367 0
10 -28 -6 -349 368 0
10 -28 -7 -349 369 0
10 -28 -8 -349 370 0
10 -28 -9 -349 371 0
10 -28 -10 -349 372 0
10 -29 -4 -349 373 0
10 -29 -5 -349 374 0
10 -29 -6 -349 375 0
10 -29 -7 -349 376 0
10 -29 -8 -349 377 0
10 -29 -9 -349 378 0
10 -29 -10 -349 379 0
10 -30 -4 -349 380 0
10 -30 -5 -349 381 0
10 -30 -6 -349 382 0
10 -30 -7 -349 383 0
10 -30 -8 -349 384 0
10 -30 -9 -349 385 0
10 -30 -10 -349 386 0
10 -31 -4 -349 387 0
10 -31 -5 -349 388 0
10 -31 -6 -349 389 0
10 -31 -7 -349 390 0
10 -31 -8 -349 391 0
10 -31 -9 -349 392 0
10 -31 -10 -349 393 0
10 -32 -4 -349 394 0
10 -32 -5 -349 395 0
10 -32 -6 -349 396 0
10 -32 -7 -349 397 0
10 -32 -8 -349 398 0
10 -32 -9 -349 399 0
10 -32 -10 -349 400 0
10 -26 -15 -350 352 0
10 -26 -16 -350 353 0
10 -26 -17 -350 354 0
10 -26 -18 -350 355 0
10 -26 -19 -350 356 0
10 -26 -20 -350 357 0
10 -26 -21 -350 358 0
10 -27 -15 -350 359 0
10 -27 -16 -350 360 0
10 -27 -17 -350 361 0
10 -27 -18 -350 362 0
10 -27 -19 -350 363 0
10 -27 -20 -350 364 0
10 -27 -21 -350 365 0
10 -28 -15 -350 366 0
10 -28 -16 -350 367 0
10 -28 -17 -350 368 0
10 -28 -18 -350 369 0
10 -28 -19 -350 370 0
10 -28 -20 -350 371 0
10 -28 -21 -350 372 0
10 -29 -15 -350 373 0
10 -29 -16 -350 374 0
10 -29 -17 -350 375 0
10 -29 -18 -350 376 0
10 -29 -19 -350 377 0
10 -29 -20 -350 378 0
10 -29 -21 -350 379 0
10 -30 -15 -350 380 0
10 -30 -16 -350 381 0
10 -30 -17 -350 382 0
10 -30 -18 -350 383 0
10 -30 -19 -350 384 0
10 -30 -20 -350 385 0
10 -30 -21 -350 386 0
10 -31 -15 -350 387 0
10 -31 -16 -350 388 0
10 -31 -17 -350 389 0
10 -31 -18 -350 390 0
10 -31 -19 -350 391 0
10 -31 -20 -350 392 0
10 -31 -21 -350 393 0
10 -32 -15 -350 394 0
10 -32 -16 -350 395 0
10 -32 -17 -350 396 0
10 -32 -18 -350 397 0
10 -32 -19 -350 398 0
10 -32 -20 -350 399 0
10 -32 -21 -350 400 0
10 -26 -26 -351 352 0
10 -26 -27 -351 353 0
10 -26 -28 -351 354 0
10 -26 -29 -351 355 0
10 -26 -30 -351 356 0
10 -26 -31 -351 357 0
10 -26 -32 -351 358 0
10 -27 -26 -351 359 0
10 -27 -27 -351 360 0
10 -27 -28 -351 361 0
10 -27 -29 -351 362 0
10 -27 -30 -351 363 0
10 -27 -31 -351 364 0
10 -27 -32 -351 365 0
10 -28 -26 -351 366 0
10 -28 -27 -351 367 0
10 -28 -28 -351 368 0
10 -28 -29 -351 369 0
10 -28 -30 -351 370 0
10 -28 -31 -351 371 0
10 -28 -32 -351 372 0
10 -29 -26 -351 373 0
10 -29 -27 -351 374 0
10 -29 -28 -351 375 0
10 -29 -29 -351 376 0
10 -29 -30 -351 377 0
10 -29 -31 -351 378 0
10 -29 -32 -351 379 0
10 -30 -26 -351 380 0
10 -30 -27 -351 381 0
10 -30 -28 -351 382 0
10 -30 -29 -351 383 0
10 -30 -30 -351 384 0
10 -30 -31 -351 385 0
10 -30 -32 -351 386 0
10 -31 -26 -351 387 0
10 -31 -27 -351 388 0
10 -31 -28 -351 389 0
10 -31 -29 -351 390 0
10 -31 -30 -351 391 0
10 -31 -31 -351 392 0
10 -31 -32 -351 393 0
10 -32 -26 -351 394 0
10 -32 -27 -351 395 0
10 -32 -28 -351 396 0
10 -32 -29 -351 397 0
10 -32 -30 -351 398 0
10 -32 -31 -351 399 0
10 -32 -32 -351 400 0
10 -11 -11 -343 401 0
10 -11 -12 -343 402 0
10 -11 -13 -343 403 0
10 -11 -14 -343 404 0
10 -12 -11 -343 405 0
10 -12 -12 -343 406 0
10 -12 -13 -343 407 0
10 -12 -14 -343 408 0
10 -13 -11 -343 409 0
10 -13 -12 -343 410 0
10 -13 -13 -343 411 0
10 -13 -14 -343 412 0
10 -14 -11 -343 413 0
10 -14 -12 -343 414 0
10 -14 -13 -343 415 0
10 -14 -14 -343 416 0
10 -11 -22 -344 401 0
10 -11 -23 -344 402 0
10 -11 -24 -344 403 0
10 -11 -25 -344 404 0
10 -12 -22 -344 405 0
10 -12 -23 -344 406 0
10 -12 -24 -344 407 0
10 -12 -25 -344 408 0
10 -13 -22 -344 409 0
10 -13 -23 -344 410 0
10 -13 -24 -344 411 0
10 -13 -25 -344 412 0
10 -14 -22 -344 413 0
10 -14 -23 -344 414 0
10 -14 -24 -344 415 0
10 -14 -25 -344 416 0
10 -11 -33 -345 401 0
10 -11 -34 -345 402 0
10 -11 -35 -345 403 0
10 -11 -36 -345 404 0
10 -12 -33 -345 405 0
10 -12 -34 -345 406 0
10 -12 -35 -345 407 0
10 -12 -36 -345 408 0
10 -13 -33 -345 409 0
10 -13 -34 -345 410 0
10 -13 -35 -345 411 0
10 -13 -36 -345 412 0
10 -14 -33 -345 413 0
10 -14 -34 -345 414 0
10 -14 -35 -345 415 0
10 -14 -36 -345 416 0
10 -22 -11 -346 401 0
10 -22 -12 -346 402 0
10 -22 -13 -346 403 0
10 -22 -14 -346 404 0
10 -23 -11 -346 405 0
10 -23 -12 -346 406 0
10 -23 -13 -346 407 0
10 -23 -14 -346 408 0
10 -24 -11 -346 409 0
10 -24 -12 -346 410 0
10 -24 -13 -346 411 0
10 -24 -14 -346 412 0
10 -25 -11 -346 413 0
10 -25 -12 -346 414 0
10 -25 -13 -346 415 0
10 -25 -14 -346 416 0
10 -22 -22 -347 401 0
10 -22 -23 -347 402 0
10 -22 -24 -347 403 0
10 -22 -25 -347 404 0
10 -23 -22 -347 405 0
10 -23 -23 -347 406 0
10 -23 -24 -347 407 0
10 -23 -25 -347 408 0
10 -24 -22 -347 409 0
10 -24 -23 -347 410 0
10 -24 -24 -347 411 0
10 -24 -25 -347 412 0
10 -25 -22 -347 413 0
10 -25 -23 -347 414 0
10 -25 -24 -347 415 0
10 -25 -25 -347 416 0
10 -22 -33 -348 401 0
10 -22 -34 -348 402 0
10 -22 -35 -348 403 0
10 -22 -36 -348 404 0
10 -23 -33 -348 405 0
10 -23 -34 -348 406 0
10 -23 -35 -348 407 0
10 -23 -36 -348 408 0
10 -24 -33 -348 409 0
10 -24 -34 -348 410 0
10 -24 -35 -348 411 0
10 -24 -36 -348 412 0
10 -25 -33 -348 413 0
10 -25 -34 -348 414 0
10 -25 -35 -348 415 0
10 -25 -36 -348 416 0
10 -33 -11 -349 401 0
10 -33 -12 -349 402 0
10 -33 -13 -349 403 0
10 -33 -14 -349 404 0
10 -34 -11 -349 405 0
10 -34 -12 -349 406 0
10 -34 -13 -349 407 0
10 -34 -14 -349 408 0
10 -35 -11 -349 409 0
10 -35 -12 -349 410 0
10 -35 -13 -349 411 0
10 -35 -14 -349 412 0
10 -36 -11 -349 413 0
10 -36 -12 -349 414 0
10 -36 -13 -349 415 0
10 -36 -14 -349 416 0
10 -33 -22 -350 401 0
10 -33 -23 -350 402 0
10 -33 -24 -350 403 0
10 -33 -25 -350 404 0
10 -34 -22 -350 405 0
10 -34 -23 -350 406 0
10 -34 -24 -350 407 0
10 -34 -25 -350 408 0
10 -35 -22 -350 409 0
10 -35 -23 -350 410 0
10 -35 -24 -350 411 0
10 -35 -25 -350 412 0
10 -36 -22 -350 413 0
10 -36 -23 -350 414 0
10 -36 -24 -350 415 0
10 -36 -25 -350 416 0
10 -33 -33 -351 401 0
10 -33 -34 -351 402 0
10 -33 -35 -351 403 0
10 -33 -36 -351 404 0
10 -34 -33 -351 405 0
10 -34 -34 -351 406 0
10 -34 -35 -351 407 0
10 -34 -36 -351 408 0
10 -35 -33 -351 409 0
10 -35 -34 -351 410 0
10 -35 -35 -351 411 0
10 -35 -36 -351 412 0
10 -36 -33 -351 413 0
10 -36 -34 -351 414 0
10 -36 -35 -351 415 0
10 -36 -36 -351 416 0

// NO SPURIOUS EDGES Constraint
// if an edge exists in MCS, then both sides must be true
10 -121 1 0
10 -122 1 0
10 -122 2 0
10 -123 1 0
10 -123 3 0
10 -124 2 0
10 -124 1 0
10 -125 2 0
10 -126 2 0
10 -126 3 0
10 -127 3 0
10 -127 1 0
10 -128 3 0
10 -128 2 0
10 -129 3 0
10 -195 1 0
10 -196 1 0
10 -196 2 0
10 -197 1 0
10 -197 3 0
10 -198 2 0
10 -198 1 0
10 -199 2 0
10 -200 2 0
10 -200 3 0
10 -201 3 0
10 -201 1 0
10 -202 3 0
10 -202 2 0
10 -203 3 0
10 -269 1 0
10 -270 1 0
10 -270 2 0
10 -271 1 0
10 -271 3 0
10 -272 2 0
10 -272 1 0
10 -273 2 0
10 -274 2 0
10 -274 3 0
10 -275 3 0
10 -275 1 0
10 -276 3 0
10 -276 2 0
10 -277 3 0
10 -343 1 0
10 -344 1 0
10 -344 2 0
10 -345 1 0
10 -345 3 0
10 -346 2 0
10 -346 1 0
10 -347 2 0
10 -348 2 0
10 -348 3 0
10 -349 3 0
10 -349 1 0
10 -350 3 0
10 -350 2 0
10 -351 3 0